"" "DNS_Alexis" "DNS_Andolt" "DNS_Arnim" "DNS_Auerbach" "DNS_Berthold" "DNS_Brentano" "DNS_Chamisso" "DNS_Dincklage" "DNS_Droste" "DNS_Eichendorff" "DNS_Ense" "DNS_Frey" "DNS_Gall" "DNS_Gerstaecker" "DNS_Gluemer" "DNS_Goethe" "DNS_Goldammer_Hochzeitsnacht" "DNS_Goldammer_Wiedersehen" "DNS_Gotthelf_Kurt" "DNS_Gotthelf_Notar" "DNS_Grillparzer" "DNS_Grimm" "DNS_Grosse" "DNS_Hacklaender" "DNS_Halm" "DNS_Hartmann" "DNS_Hauff" "DNS_Heyden" "DNS_Heyse" "DNS_Hoefer" "DNS_Hoffmann" "DNS_Holtei" "DNS_Horner" "DNS_Immermann" "DNS_Kaehler" "DNS_Keller" "DNS_Kinkel_Margret" "DNS_Kinkel_Orthodoxie" "DNS_Kleist" "DNS_Kompert" "DNS_Kopisch_Karnevalsfest" "DNS_Kopisch_Traeumer" "DNS_Kruse" "DNS_Kuernberger" "DNS_Kugler" "DNS_Kurz" "DNS_Lewald" "DNS_Lohmann" "DNS_Lorm" "DNS_Ludwig" "DNS_Meissner" "DNS_Meyr" "DNS_Moerike" "DNS_Muegge" "DNS_Mueller" "DNS_Pichler" "DNS_Raabe" "DNS_Reich" "DNS_Riehl" "DNS_Roquette" "DNS_Rumohr" "DNS_Sacher-Masoch" "DNS_Schefer" "DNS_Scheffel" "DNS_Schmid" "DNS_Schreyvogel" "DNS_Schuecking" "DNS_Spindler" "DNS_Sternberg" "DNS_Stifter" "DNS_Storm" "DNS_Tesche" "DNS_Tieck_Gemaelde" "DNS_Tieck_Lebens" "DNS_Traun" "DNS_v.W." "DNS_Waldmueller" "DNS_Wallner" "DNS_Wichert" "DNS_Widmann" "DNS_Wilbrandt" "DNS_Wild" "DNS_Wildermuth" "DNS_Wolf" "DNS_Ziegler" "DNS_Zschokke" "NDNS_Anzengruber" "NDNS_Artaria" "NDNS_Bernstein" "NDNS_Boehlau" "NDNS_Boehm" "NDNS_Boy-Ed" "NDNS_Buelow_Herr" "NDNS_Buelow_Verzaubert" "NDNS_Burow" "NDNS_Dingelstedt" "NDNS_Dueringsfeld" "NDNS_Ebner-Eschenbach_Freiherren" "NDNS_Ebner-Eschenbach_Krambambuli" "NDNS_Floerke" "NDNS_Fontane" "NDNS_Franzos" "NDNS_Frapan" "NDNS_Frenzel" "NDNS_Friedmann" "NDNS_Ganghofer" "NDNS_Gaudy" "NDNS_Godin" "NDNS_Gutzkow" "NDNS_Heiberg" "NDNS_Hermann-Pantenius" "NDNS_Heyse" "NDNS_Hirsch" "NDNS_Hoffmann" "NDNS_Hopfen" "NDNS_Jensen" "NDNS_Kirchbach" "NDNS_Kirschner" "NDNS_Kleist" "NDNS_Kulke" "NDNS_Laistner" "NDNS_Lentner" "NDNS_Lindau_Welt" "NDNS_Lindau_Wette" "NDNS_Ludwig" "NDNS_Marbach" "NDNS_Meyer" "NDNS_Mosen" "NDNS_Mosenthal" "NDNS_Mueller" "NDNS_Postl" "NDNS_Putlitz" "NDNS_Puttkammer" "NDNS_Reuter" "NDNS_Rosegger" "NDNS_Rosenthal-Bonin" "NDNS_Saar" "NDNS_Scherr" "NDNS_Schiller" "NDNS_Schoene" "NDNS_Schweichel" "NDNS_Silberstein" "NDNS_Smidt_Feuerschiff" "NDNS_Smidt_Passagiere" "NDNS_Spielhagen" "NDNS_Starklof" "NDNS_Stern" "NDNS_Storm" "NDNS_Trautmann" "NDNS_Vacano" "NDNS_Voss" "NDNS_Weber" "NDNS_Weitbrecht" "NDNS_Widmann" "NDNS_Wildenbruch" "NDNS_Zitelmann"
"DNS_Alexis" 0 0.845287763623467 0.954745468722299 0.797127156416905 0.859603681837644 1.01726553197832 0.924151696736376 0.899709952288257 0.843133558757175 1.068287915824 0.961947972194418 0.83221114418112 0.926086751039057 1.13536631242914 0.936722754500468 1.08505346627671 1.19817515727473 1.05566373974522 0.804480740856899 1.07928270946265 0.969442181455584 0.966938568416409 0.896980850420666 0.913244541556526 0.909840028704878 1.03678650290856 0.865215851245063 0.859332398094512 0.759040825258446 0.950083768351838 0.902367578578152 0.92457790948466 0.791151904100237 0.767790720557808 1.00549458740972 0.828462588285358 0.977927972251307 0.8520967134048 1.06508952738307 0.819158403352915 0.931250021759857 0.932130531053412 0.844063601605071 0.771855032108647 0.866353231557996 0.818442947775134 0.89748307236091 0.875092956107486 0.872740209545428 1.0109821275825 0.750715796475052 0.849243555885173 0.811434602764148 0.76681095775848 0.818626295489038 0.855102000239572 0.936284625751406 0.978640018245656 1.17325877798752 0.817877190717156 0.843809757726794 1.01068161659787 0.824126283548507 1.21361741642775 0.798281007418046 0.948703039060719 0.802822536450903 0.882454191031086 0.858305753496534 0.95396102365043 1.03598309270218 0.823813023304973 0.796960150390884 0.885915992713549 1.02635345137696 0.978381641077695 0.778352964139817 1.24160456011222 0.889766511227896 0.891682808179821 0.996199249770088 0.901793363672556 1.04388603578001 1.36185105073064 0.800326110866882 0.758145310340757 1.10839291678284 0.84573081045357 0.880423226398996 1.00469175721622 0.830805484917473 0.914038205299587 0.999034847159207 1.04611587711604 0.92675311734413 0.778697393573598 1.00668972901124 0.826150640812559 1.12850970013386 0.749921102175753 0.956319592760762 0.976719867694518 0.977727850071696 0.756435338197504 0.807991502644808 1.05454967725789 0.858673788563174 0.952895198578598 0.944647439296525 0.976816170736713 0.808657410750172 0.911926276211814 0.971277645360371 0.964638004222771 0.932756722736664 0.911228677093884 0.896858610309018 0.89398980917568 1.19519114708787 0.95822103177904 0.808630536313785 0.82989784410615 0.940933111685285 0.947942976194787 0.960233141648689 0.901862735615644 0.912437324523578 1.08383506717453 0.963940008754102 0.82870358144899 0.837403079398393 0.905425156910762 0.8206155660645 1.53463896746773 0.919848925995428 1.11189664133315 1.05640686562452 0.769404319111002 0.907402394997323 1.05238117304645 0.76515748222119 0.858238016105125 1.01622902703282 1.16649643361019 0.799901705519658 0.831358984420303 1.02346616763597 0.96749812540192 1.05974092974972 0.834092219452805 1.00934448580868 0.794680761057399 1.36263339498727 0.854859413414692 1.03821119499407 0.793903314119623
"DNS_Andolt" 0.845287763623467 0 1.01949396238501 0.969284935602945 1.01624824862055 1.11173122812215 0.945055581214055 1.0130473000285 0.973141842857538 1.15235510252049 0.914882054080291 0.895037591397665 1.01810502367485 1.23825258036696 1.08195726171254 1.01271866430276 1.3169229979473 1.1406556723868 1.00339167816562 1.23257305650502 0.975159627630711 1.04649139476433 0.916000860903437 1.00099230157705 0.956439185810772 0.947974503919246 1.01263972721132 0.907762539139928 0.95061583012024 1.07915221694775 0.948515069017708 1.02133485493789 0.926285228971508 0.734770640331634 0.921079804709198 0.932835832631731 1.02173751740461 0.914010783247323 1.06373912395942 1.04909334796446 1.02850125691505 1.00452645400588 0.916588097448394 0.898541388631233 0.904554334059683 0.864843198971296 0.900719490887942 0.915780225896943 0.899096643954641 1.17285171831955 0.892118212420929 0.990933719845685 0.836752779148671 0.899932796656092 0.797517718227283 0.960622908489132 0.933958246921671 1.11578153495152 1.24246331860105 0.809969066607569 0.958608608886095 1.08832777834254 0.989954588067525 1.37146443559707 0.944045522433123 0.873090937732549 0.805437052539218 1.00996263068121 0.863521200787373 1.00576664221715 1.00653905397185 0.886759797627226 0.868685512804732 0.935890548229503 1.10190481181193 0.940445546219422 0.900875404363263 1.18669094131282 1.03810042930114 1.13003670487093 1.09316901807024 0.955115885649098 1.17518477997858 1.38002715408378 0.951000436460324 0.886790917612592 1.26428281803627 0.86597953186368 0.998783736756646 1.14278397303196 0.860228426412527 0.986560211096953 1.13548882192017 0.936740195896518 0.953391778247523 0.843017619952433 0.989227350025178 0.880267820206739 1.16628996617525 0.875412860200172 1.07123034021906 1.07374665482045 1.07429817946848 0.81222844372102 0.939748199790944 1.18326889613782 0.924903629381808 0.965902181668285 0.988799581275252 0.855995551823114 0.876937377972608 0.971273184695881 1.05650275493818 1.02911045282104 1.03350474220216 1.05941161539869 0.892409711346515 0.957322923223982 1.2498257905828 1.11564798863191 0.973187725264101 0.848500161296796 0.964147822634057 0.964758288838272 1.16873033686031 1.02488599104157 0.912094427671179 1.08197213716747 1.0267597071816 0.910771576793418 0.913819205017032 0.889458681966116 0.827974295423725 1.60854844494912 1.03491384236419 1.09551073113341 0.971280783823068 0.872538342958625 0.964476591802148 0.989181095688352 0.863523722267056 1.04100034544609 1.13719301903948 1.16216418865578 0.842770822878599 0.888107985365583 1.15384016071121 0.959539020754772 1.21327450114529 0.818281604087025 1.12834693496216 0.887592800081419 1.46285083006901 0.844003773493412 1.1066924473432 0.873161952484909
"DNS_Arnim" 0.954745468722299 1.01949396238501 0 0.906608865792523 1.02160926495732 1.04312072666112 1.02980784835697 1.07622227599381 1.03763586144919 1.11131810486864 1.03332306516621 1.00104350506441 1.05127654882522 1.30987215521157 1.06632477255736 1.13251481703051 1.28364217307176 1.15096089287342 0.994655837871359 1.23532420667566 1.07841899490007 1.1232981274648 1.05797509330537 1.07781376981985 0.917755815853703 1.11091987730703 1.05527209566167 1.02686170102154 0.943592396421639 1.13819328953399 1.02369923351143 1.06647560059107 0.99197770596342 0.891693721566797 1.09006992998386 1.04300737036362 0.98964357866043 0.993879626545583 1.05042213296248 1.04885266505645 1.07897210824042 1.05747297299071 1.00928093255019 1.00854668701179 0.967867457363807 0.963741541658358 0.979147748672458 1.04820863497451 1.06087169354972 1.18217159768326 0.946878776379364 1.0087682849625 1.00427523070213 0.996677080394956 0.938009432506834 1.04615488721364 1.06477905838448 1.11502325291356 1.15063646362767 0.994210617188779 1.05052316657085 1.2258280121753 0.950212160242026 1.37757421934186 0.993752877844606 1.05398065676456 0.914511531623938 0.985059930805284 1.01288556116915 1.02794928519686 1.11748064170955 1.00011229862605 1.02429867994931 1.05568355234742 1.18721483344052 1.21531531421732 0.926983106922432 1.29415466912406 0.976575488654526 1.11376325556492 1.17558799510598 1.05404853917922 1.12786087350749 1.47631273453732 0.946902962973491 0.937154858882374 1.32439061561199 1.02512618259721 1.02320281308868 1.08083110809873 0.983363192178873 1.11299401019854 1.15159786417414 1.18113123979463 1.00692106859197 1.01894768510426 1.16761505032589 1.01774660045982 1.21055431883698 0.92648979846592 1.1142336189868 1.14284928035863 1.07994643282914 0.89935015128506 1.00253318588598 1.24398269792508 0.983923689478982 1.16322204016711 1.07274374189535 1.05687884561789 0.984036053998375 0.962665145363949 1.04926926406666 1.0656875930386 1.04764130738304 1.23100604272174 1.04820256408632 1.0471913035991 1.17978627915591 1.1600797049997 1.02902344196928 0.961872958668661 1.01596759808987 1.13091088668809 1.21089728755061 1.03180738654724 1.04538636354267 1.09346931981178 1.01764862613724 0.958108790084916 1.0210278994029 0.98708915408613 1.02768475378661 1.6566236180286 1.07952155911722 1.16524898764645 1.11164430772078 0.968696816232493 1.04587927465094 1.18211032345464 0.89618806870518 1.0410291877088 1.12468679467533 1.25823617042096 0.94750229794197 0.98015212593253 1.20950303738839 1.01754996346472 1.23592863441826 0.953549805564944 1.09108667477785 0.976171938553267 1.41625470626136 0.909622264620211 1.16581619177743 0.978984301238486
"DNS_Auerbach" 0.797127156416905 0.969284935602945 0.906608865792523 0 0.804677106800799 0.98122642917779 0.932133869737953 0.976069814391134 0.78509906337769 0.973398150872902 1.00445302921985 0.86944869881829 0.959215401319019 1.07173986058933 0.858620424988931 1.08786389648618 1.15380264110298 1.0787815651112 0.806039223020589 1.07033915544477 0.922575774987448 0.892589767302121 0.904133741948546 0.981228801671997 0.902349799080758 1.05233894829753 0.944441325003035 0.979971471829572 0.681960989627991 0.877716609952569 0.883336269900149 0.95914449229182 0.823660156389814 0.794539105345453 1.08764809687013 0.789519544045964 0.909285284802911 0.906503523528399 1.13795669419333 0.803918547563578 0.949233234119961 0.882406857640828 0.89922043201762 0.776975783061212 0.923061016330795 0.885097950746917 0.813021046747259 0.934109527131625 0.964901173995072 1.00985362410641 0.762020872700688 0.757933058073714 0.839885632624565 0.840467602862761 0.919987597549835 0.838085729996109 0.976892576019544 0.879934162662565 1.12821762598125 0.794686956837702 0.980960442876095 1.08370321461339 0.78138181377787 1.27348865291228 0.79043059948041 0.992462901183671 0.840614478620929 0.853336488863161 0.976689574028833 0.900812018456074 0.989925804249802 0.884561454903155 0.908122897677302 0.936577390723504 1.05180721527421 1.07305273204911 0.827082812981239 1.3186323246897 0.763134964292585 0.85747497860506 0.932509477216915 0.838549530877212 0.917186253515407 1.31869511351814 0.840525164071404 0.77711285087777 1.09621304469447 0.823138979794132 0.861295168993727 0.867644287347607 0.880661893793758 0.923395494210049 0.942795120586051 0.971535961873378 0.943468028086947 0.905495485719698 1.03037417577688 0.847502287581185 1.09971267902671 0.737110243889989 0.86619615941537 1.00177581789248 0.892801331942537 0.837204990445267 0.768534124176855 1.029143148714 0.874643955904696 0.946215397041813 0.991824272458717 0.997489576354811 0.763362363978833 0.883747207843596 0.906553856097363 1.01087624992852 0.831343450087763 1.05629970519985 0.909656104022461 0.89649654975789 1.23098307684713 0.904715190586689 0.754904682266372 0.922209088326105 0.990869637695589 0.989030158780659 0.889949996275579 0.988430574417719 0.953361664264279 1.00215578180707 0.857829817623481 0.858220501062995 0.902820960321805 0.895163055570199 0.842569132829636 1.63162867850604 0.915274751281924 1.13740323090182 1.0159407196973 0.705789830158927 1.00991493286395 0.965711426997085 0.756623322655859 0.778405395465944 0.987217417720625 1.258149108957 0.849526680330731 0.807339914942918 1.11119298032566 0.913969342913356 1.01126361736728 0.788942636567185 0.898780960201174 0.827248800654446 1.40988619415452 0.860829052997936 1.0210645623539 0.798791821829604
"DNS_Berthold" 0.859603681837644 1.01624824862055 1.02160926495732 0.804677106800799 0 0.975505312953486 0.898698812869856 0.961741642531443 0.787835388420714 0.951578355719317 1.11880327542379 0.988379019707751 0.982095479762694 1.05992105059407 0.961826891689842 1.1054451843682 1.16537140912453 1.12791070102586 0.952470730232906 1.14089627239591 0.892831897770231 0.815170604069516 0.911857330903746 0.963212765843484 0.9920199123913 1.06653056941623 0.911011799044066 1.09070188026222 0.734711769665642 0.930368872010221 0.988859060848111 1.04191658126189 0.844905391552111 0.814952191496361 1.07959872239997 0.820706900842527 0.956806435924814 0.957093997873388 1.15073313826692 0.914695564781445 0.94287719636206 0.875375729575095 0.988769991827094 0.833195604463775 0.999021618106191 1.03187236294441 0.955378002923146 0.937693552457103 1.07322304015715 1.04183603541241 0.789957086405701 0.888356504690677 0.862142749237034 0.855377949987514 1.03179602005591 0.908029280929939 1.01710646204897 0.860811957493653 1.24302743220766 0.812874737039202 1.02104699503387 1.08224026206993 0.863405047150458 1.32903506372352 0.883916723546722 0.89148791374047 0.896362582851663 0.95024175945278 0.981543951921409 0.983107205629154 0.988111508145166 0.981518926896825 1.02813016592547 1.01114765527732 1.04852759080726 1.2031237507646 0.973797021732216 1.37500070752558 0.830757325464133 0.871544399623886 0.835973925454989 0.87419967598631 0.993492096857846 1.29547858422265 0.896250010596485 0.845087758642988 1.11010337199841 0.88395912239169 0.998682522736158 0.852757545652292 0.978911933617738 0.983791022613971 0.875816980650443 0.943603320028823 1.0098099746173 0.94216068109308 1.00629120045343 0.893310077136809 1.17806724064075 0.779223506259794 0.824320090768649 1.04368277525648 0.843230962041942 0.92690583162996 0.777323021547574 1.05085686342196 0.917006565864951 1.04502188082005 1.11348172415793 0.966627055461239 0.796507440225105 0.939046615922097 0.942066640388887 1.08919542795038 0.941971526928498 1.07777112658426 0.930860423082985 0.973345276006288 1.2404142591987 1.0409974356524 0.743598400145028 0.967321434396905 1.05218172774969 1.01327587577142 0.953710523659015 1.12444870909175 1.07047560530646 1.03875683494564 0.878209898520502 1.00534990868486 0.892936776497524 1.01074729493489 0.908387438187823 1.61953381645085 0.973796934242531 1.23221562698732 1.04042547110565 0.845241843326376 1.07833523369488 1.06191103924246 0.819404114035749 0.882096064879504 1.0549594173867 1.30095103176376 0.911213643011289 0.822247242809085 1.07313470760791 0.959403878965274 1.07305733161182 0.868075656656793 1.03247491747399 0.838202092766263 1.4559893811002 0.966928871926545 0.969460923341756 0.826909879623366
"DNS_Brentano" 1.01726553197832 1.11173122812215 1.04312072666112 0.98122642917779 0.975505312953486 0 1.09212332874996 1.06582968223378 1.05836806645622 1.1836835241987 1.17974344184591 1.12959937485799 1.11651940921779 1.28748637835712 1.09331011634307 1.2133719486761 1.35713034228963 1.28972555907274 1.11266636723872 1.25413379672152 1.08610017461527 1.15052476543577 1.0745917825065 1.13817627632941 1.11863749658499 1.20695843294927 0.998831964662937 1.16931165519896 0.978792465718905 1.06645213834876 1.03801820598448 1.1318244028588 1.03657622054007 0.950517740646723 1.11607374620772 1.10137855939509 1.1285909347344 1.11242519689233 1.19751072508697 0.985100796650063 1.14986959671522 1.00170625928998 1.12474533784413 1.00455562367954 1.16422023222642 1.15174208592009 1.06927519430397 0.995522044198494 1.17210668392921 1.28865783729375 0.955389026278763 1.0403925856109 1.04385135893342 1.03256551929134 1.03652178153391 1.08912890831926 1.10235701499865 1.07218271562058 1.31914116236484 0.995659662831019 1.16786468538724 1.1557448706917 1.00370203406063 1.47360291627476 1.04874829037051 1.03558594775874 1.04535527897844 1.03877679855907 1.07483589357119 1.11439010796994 1.1745200000922 1.04300672848423 1.03937864391913 1.07988678705124 1.11403535098506 1.18973736335824 1.10850537467861 1.38410671769625 1.04635961848371 1.09421754473173 1.14691088366085 1.12341400007061 1.18861732748318 1.44929867545666 1.02645740896009 1.0020668728968 1.26615634220151 1.04138026304733 1.0262408529555 1.09616797725745 1.1314057349678 1.04430998493477 1.20813333687724 1.09933020901253 1.11037557231013 1.10930792952104 1.12235688575574 1.05519943510584 1.29233513889501 0.997605203133188 1.09132327826384 1.11797946813704 1.10028395074761 1.04365393395565 1.03738054408029 1.20753550945869 1.05274524753839 1.21459526009459 1.22301398775557 1.11306590774589 1.01059268596235 1.04262773609551 1.06587580512609 1.2135054738194 1.10275769747485 1.26692718964707 1.03067499648515 1.15146708286931 1.35487088991287 1.15619516351332 1.06509301553657 1.07611862835619 1.21077281815696 1.09184110430141 1.13573635672043 1.22830325034599 1.16930004522111 1.09695672851214 1.03021753384198 1.0858143284798 1.06240019351322 1.09011860530969 1.01206577593248 1.66123880583285 1.09239982556837 1.33442367449166 1.16728122750149 1.03899205111226 1.16560340847221 1.10342192419782 0.998956732746861 1.03898799386911 1.20636710031343 1.32898082220647 1.05529893266126 1.03199912162008 1.27605694072908 1.08899972267443 1.20228399628888 1.02155881247155 1.19169961934199 1.04106420447154 1.4741197330361 1.10244135336031 1.20907957613739 1.03628004507624
"DNS_Chamisso" 0.924151696736376 0.945055581214055 1.02980784835697 0.932133869737953 0.898698812869856 1.09212332874996 0 1.08412807209765 0.960398052780996 1.10273380992836 0.937885053310076 1.02282034872195 1.08134806586438 1.21406521536707 1.12410137911168 1.03813227995568 1.2277768813408 1.19889388276304 0.997281721105046 1.24029103031093 0.948008411110639 1.00707030742619 1.02084786031601 1.04254095074894 0.989607419069013 1.08427976683879 0.974145492233036 1.03656340748914 0.860900951270364 1.05391020063118 0.971752618138198 1.08327134326727 0.977258520737351 0.814622145200455 0.943301081177436 0.978555945172229 0.960529744988386 0.950303889489478 1.13897986508659 1.07271514115059 1.05157890585512 1.01206137684227 0.969932673506235 0.971905361000437 0.991372815458234 0.977809495389252 0.906961602468367 0.978735666351223 1.04831897199239 1.11101570978384 0.969924564946888 1.00645661377807 0.885848670955723 0.947618922111382 0.917366190710654 0.986414330619648 0.980061642658878 1.05203707672093 1.31864441701495 0.842476558752818 1.00558377459524 1.13225108285171 0.909914076171728 1.31759696780759 0.993581277148344 0.900333692819875 0.876402299049376 0.971749140500691 0.954793306520623 0.995682910409398 1.01886871510519 1.00145683455746 1.0019561725896 1.06316915780226 1.11093350622654 1.07068784108349 0.976274737217346 1.19098983290877 0.978257855423041 1.06079171241209 1.05742020367879 0.918115866805153 1.17034234319001 1.40984412731753 1.03932608286386 0.931947832429532 1.21958798807556 0.890579371158206 1.00194100084638 1.01219214632496 0.937159684952054 1.05035625752463 1.11319650904451 1.0163763613838 0.975722100423169 0.894210791004997 1.10480586537784 0.976211806532413 1.16657779460453 0.88254262736121 1.02546339700613 1.12865640620212 0.999707951619019 0.899552087485138 0.947485930069992 1.16277202772178 0.89370686722336 1.04228746643037 1.09867565704833 0.932523975114462 0.993082360891275 0.986962929527478 1.03662458514411 1.04007496571161 1.00117466096122 1.17729825885033 0.942591604944887 0.981063860305293 1.29885476301906 1.16232882403662 0.942414641321887 0.965190053291604 1.03899770827477 1.07356883555384 1.16671398894137 1.09355984012233 1.04338074022478 1.09478229582839 1.04102805456005 1.00657022025868 0.942170622047271 0.950330142703993 0.882982171053782 1.6135143155152 0.995946225660044 1.22846122647868 0.999683232742923 0.93476826822842 0.992355142549338 1.06391696657814 0.876286134928982 1.00359761627332 1.15215056494995 1.28257321224269 0.904508154366582 0.920244533281098 1.16631610802957 0.880624220902229 1.23415568982009 0.866502298454751 1.09322216204756 0.931578810549279 1.47528337338515 0.904249215025414 1.10239732647302 0.883150532771594
"DNS_Dincklage" 0.899709952288257 1.0130473000285 1.07622227599381 0.976069814391134 0.961741642531443 1.06582968223378 1.08412807209765 0 0.928198262599437 1.15035371039993 1.09897840200125 1.01225920706532 1.07986042606563 1.17523833976953 1.02013213086461 1.20302290440254 1.27009098062962 1.18073190778991 1.00691457541189 1.20989626842196 1.01044791390214 1.07743635411451 0.966410165885858 1.00950873895508 1.02503456344582 1.09859445905723 0.954450626530747 1.01590335948973 0.863708231688512 1.040311110282 1.0586689559582 1.00036753107247 0.879977924920957 0.922823981491825 1.06718072646764 0.913297090137031 0.991886831129063 0.957904125949836 1.13158153231749 0.925344309356127 1.04754104694796 0.945743071199524 1.05359292112265 0.920972341731423 1.06418599862658 1.04550529437937 0.999582204623559 0.928017047189547 1.01990378878611 1.13229408987811 0.921091735621023 0.965615366677851 0.942609068442147 0.886819404113343 1.012136914883 1.00191869163825 0.965937609224071 1.02206141675202 1.21298547365477 0.935225079909574 1.02746532732171 1.12478537367939 0.948860878188778 1.33120445073371 0.913981079983243 1.04804473837392 0.918044655701029 0.961556879972746 0.95372162516222 0.984652622066741 1.08058660318202 0.913103722578347 0.976173855980897 1.02560118032258 1.10184848705453 1.14586669432536 0.967309880295081 1.3017292909536 0.999063483730843 0.991124210603762 1.08285128691051 1.0164804447786 1.12733702955025 1.35180260203613 0.928616739057818 0.93007481724013 1.15941893596427 0.982438608585903 0.983863329688958 1.10009665709275 1.01171433245036 0.946458458464336 1.10450286172748 1.0210654227379 0.951966441441458 0.952272333419567 1.05423673146895 0.925747941086618 1.21646418388618 0.89002299416585 0.918013432775278 1.05373553280716 1.09660161380752 0.883313287590339 0.916295911244668 1.14255311198141 0.962024144257536 1.07543867444509 1.01917954242347 1.04791319169226 0.941361572541365 0.966694216527566 1.00797270539424 1.09762131812298 1.03957794734867 1.04485585301098 1.00137733499427 0.988343499429635 1.29138957278307 1.06328035238309 0.915433560523594 0.97562107507842 1.1048415399243 1.01772419228955 1.03189371004547 1.07752624674455 1.00782688872858 1.05730220723737 0.975207264055925 0.984873384249758 1.03195305077197 1.02623613669961 0.951904728339905 1.57290435617967 1.01122432357386 1.17998692431168 1.10304148619844 0.858623698931813 1.07397694708095 1.03818463365096 0.881811679411151 0.956456202806748 1.11096743094079 1.21674836418652 0.959819817142508 0.941636392379391 1.18041224135335 1.04039299184048 1.19873013046408 0.928777240206133 1.1019428745524 0.91423981778298 1.4117998772992 0.986405407067336 1.11324365851581 0.900449392779464
"DNS_Droste" 0.843133558757175 0.973141842857538 1.03763586144919 0.78509906337769 0.787835388420714 1.05836806645622 0.960398052780996 0.928198262599437 0 0.971925320964577 1.04895099537032 0.892454214670679 1.00013686877486 1.08144460434154 0.948798391008776 1.10012289883312 1.16762314219202 1.0512677614339 0.871890717877738 1.16795635197329 0.88895798172035 0.917796664284043 0.983071611724888 0.883217766458844 0.940354074696708 1.0320574678178 0.91832228346437 0.973041700611537 0.755169912072761 0.914280448397621 0.956441284881263 0.999101673226838 0.925809501117336 0.862759241587703 1.09446507822412 0.797638275839774 0.883750046181044 0.909206348937882 1.11757990547304 0.927149088612247 0.95710436033686 0.913336497376738 0.949736119174714 0.824070439882998 0.90856865842164 0.929887386677663 0.954750001515855 0.980940665497334 1.02437753270197 0.994557317287381 0.782672260731227 0.909286957205949 0.79566477393811 0.843264079169592 0.964596727237278 0.818515004195314 0.924295928821466 0.920039431468629 1.184254488987 0.803405507245867 0.945214329222694 1.05397063016957 0.904743037220118 1.24018175823045 0.887481211643356 0.953318825409355 0.835832005160694 0.922761191112141 0.940214904030764 0.905430646944076 0.960741755134272 0.957968542717206 1.00133929992491 1.04869851024403 1.03372186450306 1.11726887557926 0.892292760603634 1.24359168254489 0.902134407301769 0.854772522045527 0.969843834817672 0.893916994412824 1.00070452187092 1.29154795513706 0.912626870817074 0.8406299363806 1.09083304288018 0.903656255866697 0.938853018054897 0.887911601939069 0.882399571501121 0.966299840913262 0.94412583116804 0.94451546326607 0.938582159894801 0.885591913537176 1.03957674641324 0.864341134939848 1.10081648810189 0.768005868304503 0.881926369568469 1.06250467774726 0.858526432654612 0.858588724197414 0.783670287665858 1.066808505459 0.882734030017375 0.96815684485167 1.02191666521625 1.00930201055825 0.816637341978065 0.948196999463662 0.970249009686659 1.03434499971846 0.963450120002792 1.01679833840951 0.952571493877946 0.891688430419765 1.21565070523426 1.06997800958946 0.815219599485759 0.848704200206869 0.935201874811235 1.06984425127948 1.00817802701583 1.03298244624268 0.957905227483349 1.04212606893299 0.931441838481703 0.928516615042732 0.900426275005681 1.03257178511632 0.878785617690436 1.57781520481822 0.918649180755119 1.13905983528578 0.96156539513079 0.820200381670669 1.06960183731249 0.988269192975602 0.790536273102801 0.889469645880522 1.0152188400501 1.26094162451342 0.903049489585364 0.837203959746772 1.03870220788288 0.949740786230518 1.08517866679013 0.885622148896284 0.944740090108895 0.842378867624466 1.41973937997313 0.903935182888338 1.02572907078396 0.847073607455283
"DNS_Eichendorff" 1.068287915824 1.15235510252049 1.11131810486864 0.973398150872902 0.951578355719317 1.1836835241987 1.10273380992836 1.15035371039993 0.971925320964577 0 1.24146476404708 1.08384144323865 1.21729116811807 1.12959110479034 1.22646722126374 1.23128616752839 1.27891018060578 1.10016040974764 1.11105132076037 1.44881635456551 1.06388073102245 1.13237413184307 1.15477673753739 0.96007715155778 1.05739748097949 1.16231262036787 0.997456781849914 1.19780673422366 0.949014864665833 1.17507417017585 1.02861705707042 1.19269731478058 1.10849562310541 1.0534346486023 1.27630767666967 1.03456236289532 0.965002394031707 1.08313730074137 1.19180852626858 1.18328572342019 1.05793185321496 1.08694871397885 1.1473922263193 0.946298462432928 1.04934560777357 1.09770416390097 1.17912427414413 1.23393582919134 1.20253985233669 1.08803225951728 0.975796752684889 1.16575053109983 0.914408471092858 1.0789273004549 1.0796438325499 0.966057274895416 0.962733849419923 1.02436700073598 1.29107321030109 1.03779810181184 1.17130825402453 1.15674741346132 1.07770561547131 1.21204296438036 1.11290990264213 1.14007080335708 1.08387268247003 1.14925173437887 1.08261479177839 1.1150944977951 1.05926419788919 1.10002014008893 1.19580568694594 1.15658214782518 1.08381934016246 1.31890320273057 1.03750322725173 1.37235808819916 1.07752295595803 0.934723898716437 1.05155252293436 1.19199044129214 1.16834526887647 1.50388811510309 1.12425242727644 1.09026451093746 1.22929461975485 1.12687313790131 1.08563538977866 1.00211827018412 1.08425929058805 1.1834128642416 1.08558406459401 1.11510672244812 1.17261285971554 1.08241516485265 1.26570758970026 1.05381128826984 1.2308993241 0.991095081303899 1.03809882174533 1.24733795720521 0.862442130450777 1.05869977033218 0.914632720115394 1.1608664144853 0.912024067131336 1.24508734100539 1.19513069012838 1.11436955781243 1.02047391486927 1.08483576705206 1.16193947262678 1.1599244944859 1.12160198712048 1.17609090155012 1.13246439603069 1.05336163854744 1.21275164208262 1.26878680154954 0.974646157243829 1.04763699164065 1.12936895048654 1.24671924687145 1.20386773176433 1.22230770771591 1.03352254551866 1.15932576085212 1.0602372345611 1.06461400164381 1.11706413229694 1.15997018233235 1.09992441101739 1.49996278946196 1.06520673248129 1.22150941708531 1.06568362407289 1.01833435096227 1.21226380392846 1.16318405948615 1.03855988292308 1.03943550633425 1.07484047066452 1.26605472471708 1.16753867680322 0.890690983835239 1.14341035847339 0.958463045764242 1.13111037006121 1.08199346462252 1.12088766354847 1.01593811089599 1.31084843943321 1.07430462418152 1.11888350229523 1.13521170633113
"DNS_Ense" 0.961947972194418 0.914882054080291 1.03332306516621 1.00445302921985 1.11880327542379 1.17974344184591 0.937885053310076 1.09897840200125 1.04895099537032 1.24146476404708 0 1.06142770133931 1.09425946528023 1.33950781528199 1.08691942736537 0.915739279144832 1.37289229461488 1.3497024518112 0.995653440457983 1.1782671696491 1.06932277492485 1.1272905635599 1.01297257772967 1.15285859907691 1.0425487567326 1.03152407232171 1.05849709304604 1.01949101204038 0.995377298656168 1.152043667222 1.03663535100357 1.02706731829411 0.978723763946184 0.855642993821188 0.865996071696822 1.02698352220179 1.08876906978464 0.852165535804775 1.20034177157778 1.14834181150529 1.0816548892973 1.09770678972593 0.976316454478244 1.10084400411764 0.995148232584937 0.927521132569919 0.842126868667552 0.95004305122872 0.935994181477833 1.15338528760538 1.07602560848908 1.01296671011201 0.917844743915946 1.01342562866284 0.938493091522111 1.11342055925137 1.12656385892143 1.22594978202821 1.2866802014793 0.868126083000467 0.992703269454647 1.18210797149012 0.993402236033214 1.49513564145086 1.00351703580206 0.926070674333261 0.936517865129629 1.07539114283291 0.944652271512924 0.977831916933015 1.13243986846507 1.02617315030014 0.903999962185775 0.990783755463568 1.3135282537031 1.00029469422499 0.974760356440868 1.21968225427059 1.11437992770491 1.18499486144254 1.23604585003996 0.98511208230728 1.17911350045489 1.33702139923991 1.04239167998456 0.949226850808744 1.34214476338328 0.89012861670816 1.05582323163458 1.2648235629231 0.876872570213058 1.17699203869857 1.25124128743971 1.0312958519786 1.03668663189501 0.988405007896848 1.09594559295972 0.99744764041627 1.27654278277234 0.934022554639366 1.16270147347717 1.19095688163115 1.19808079490312 0.913662695055991 1.07520320343021 1.30979514892396 0.961120249416605 1.05924057722682 0.924072412826929 0.991906336902508 1.07190401879035 1.03169126708414 1.11361426713725 1.04263519175893 1.01862821451711 1.2221960560923 0.980512623389758 1.07110782583275 1.29767356054231 1.14212877446801 1.05478063935118 0.988728044439497 1.11283598787713 1.08432067952681 1.18275562870213 0.95865254918637 1.13553243665781 1.20182716001929 1.16917225835847 1.01932091972569 0.982845256791297 0.852341513675644 0.918683708826564 1.61135800553794 1.14161130744823 1.1847901670793 1.04570197343714 0.920497646040194 1.05884488808514 1.0766121926646 0.901945864139982 1.07896244870176 1.29799679640931 1.34152475253784 0.89815662635754 0.932133364023241 1.30815741136613 1.07729549908328 1.32157600572932 0.935349074740654 1.20054180445438 1.04330696785545 1.51884319691135 0.89944236115179 1.23541801743956 0.987916578526871
"DNS_Frey" 0.83221114418112 0.895037591397665 1.00104350506441 0.86944869881829 0.988379019707751 1.12959937485799 1.02282034872195 1.01225920706532 0.892454214670679 1.08384144323865 1.06142770133931 0 0.998710398768907 1.0945108322744 1.01876926735601 1.17877078984477 1.24003883615085 1.14851810137161 1.0142275312975 1.23198400137429 0.963478455590127 1.02279372332179 0.976294740743175 0.982174767121373 0.855398208067103 1.04736307013315 0.946227983627601 0.977306604417478 0.860019277731093 1.07158289606553 0.893896123613661 1.03488024087924 0.864801266394008 0.865554709994955 1.04868993498384 0.898353125041671 0.941026052206817 0.959031866122934 1.09360175016997 0.915104704720899 1.04606836135272 0.980414972769902 0.850139514216991 0.888676028846599 0.901990304691717 0.875186251759234 1.02478229329002 0.970380630487659 0.903650671095596 1.01254779513986 0.815323682348531 0.940668367767512 0.890067045886848 0.925913776108493 0.830944224477081 0.910350255051504 0.967483153180956 1.03839607290653 1.21846176049366 0.894156920105463 0.960036945909026 1.1749816128955 0.949665462166361 1.32422995020015 0.886799596755424 1.0033102588797 0.85934634390712 0.944071410051715 0.933680288798222 1.01475256836308 0.984693485045932 0.887670438630168 0.901878383211167 0.990553918033941 1.10787312068561 1.0541563710714 0.855053027760101 1.28016822495391 0.965708407604403 0.984443507136096 1.06473703287484 0.922722811673437 1.12727575195353 1.43752047150922 0.947470351191069 0.866999137283845 1.26813714984362 0.907530708971831 0.94849667387974 1.03244998556969 0.887627759839068 0.937322480738071 1.05864782713753 0.963064402796737 1.02122027937618 0.875533295180944 1.06964833779351 0.89233180708318 1.16368679826869 0.784382736531523 0.985243598863481 1.0642236559482 0.984987997152051 0.793996967810785 0.895536815654973 1.05272366618258 0.908513705289648 0.915504245932071 1.00032688919317 1.01355638032682 0.875249613929514 0.880706241589515 0.991805496123446 0.994586209295778 0.946169040492701 0.967736617811943 0.985664981022503 0.94919003955923 1.23553923256283 1.10747392579848 0.857510501703417 0.902887645417212 0.938846285417528 1.04540308570434 1.11970051177205 1.00718715307974 0.913121893760023 1.00009340298554 0.980986405989118 0.883194962124012 0.88742024023222 0.991816803974691 0.890826807009346 1.67662854512543 0.982349895143039 1.13217906581961 1.00034022708633 0.816399127926489 1.08893301662363 1.0350781739146 0.797298946528444 0.970730074648307 1.05284237227573 1.2173175084375 0.904755828193699 0.838770505351264 1.09260669909058 0.943416172551437 1.16649573985522 0.854535400810993 1.02847841463471 0.873242338243516 1.50126143958957 0.808257003606318 1.04701404827558 0.82959698680814
"DNS_Gall" 0.926086751039057 1.01810502367485 1.05127654882522 0.959215401319019 0.982095479762694 1.11651940921779 1.08134806586438 1.07986042606563 1.00013686877486 1.21729116811807 1.09425946528023 0.998710398768907 0 1.24963135329386 1.00728761295777 1.17933117271681 1.33061089427182 1.27029428278871 1.08443676111478 1.23991163743589 1.07478760225089 1.08990200992691 0.965807219180248 1.04931805450784 1.00703315878933 1.07595686517005 0.993108672568701 1.05109681159867 0.907473239387095 1.09082537165142 1.04570705047282 1.04862098315385 0.909207271763336 0.913175119164274 1.12535256428381 0.994934482465964 1.00221705836639 1.00102386406808 1.19423940892741 1.04671632968239 1.0982080766381 1.09702471017369 1.01320260429139 0.975295024026964 1.07199891356783 1.00224294201093 0.981638949257618 0.986818591980854 0.959108391263312 1.16985757568188 0.958829863538229 1.03403279387232 0.97805339582073 0.953467831518235 0.975441544499091 1.01085376887559 1.09891021576396 1.09135960423367 1.31658643175367 0.93163286745496 1.06135021013128 1.17473443290081 0.88342519970889 1.36110883657881 0.992468043682068 1.02429291117099 0.858606436740485 0.964019293363398 0.989215891563814 1.0952800845586 1.09299953789016 0.961269354466542 0.978332859094733 1.06508720970273 1.1880050737731 1.14669725648156 0.98582104711493 1.29148130623018 0.99201344149266 1.0893211961167 1.12805916716189 0.887175603142457 1.14241014427262 1.46995186700875 0.982506054704651 0.893202353794733 1.30232458347435 0.992503585853973 1.03737401725823 1.12123965144605 0.9652675741597 1.04816084464136 1.13428341936309 1.05066022493191 0.940302025220355 0.904688849919244 1.04399682446092 0.936376546097472 1.29360072957104 0.861660538227378 1.0346309969754 1.0619444371531 1.11092324394188 0.890696290401608 0.993556040053677 1.19021210945685 1.01981851298116 1.02604559841618 1.06308583182239 1.11545361768899 0.911558137427365 0.965279339023763 0.997536055465709 1.06995412468986 1.0431763244011 1.10312842611983 1.04366013375406 0.978144606148685 1.34996459863445 1.15412373509496 0.935295866695628 0.983125776387256 1.07540521976873 1.07770241614142 1.11861953166924 1.04863227394426 1.08218520561246 1.14589080816773 1.01398878641662 0.983523171634534 1.01792794801773 0.956288690338822 0.970844571574278 1.70243167123589 1.11589577504872 1.24877813095308 1.07188298485058 0.866333446514815 1.16151560942099 1.10202237295433 0.90515754747964 1.04764145222948 1.15707132655573 1.29894720470282 0.919904215398575 0.954090251235082 1.21426445862269 1.06706492887283 1.27099293169182 0.858716831579442 1.14814345293273 0.919900986974831 1.52702489352143 0.932972756728446 1.13581014265891 0.848695734420235
