"" "NDNS_Anzengruber" "NDNS_Artaria" "NDNS_Bernstein" "NDNS_Boehlau" "NDNS_Boehm" "NDNS_Boy-Ed" "NDNS_Buelow_Herr" "NDNS_Buelow_Verzaubert" "NDNS_Burow" "NDNS_Dingelstedt" "NDNS_Dueringsfeld" "NDNS_Ebner-Eschenbach_Freiherren" "NDNS_Ebner-Eschenbach_Krambambuli" "NDNS_Floerke" "NDNS_Fontane" "NDNS_Franzos" "NDNS_Frapan" "NDNS_Frenzel" "NDNS_Friedmann" "NDNS_Ganghofer" "NDNS_Gaudy" "NDNS_Godin" "NDNS_Gutzkow" "NDNS_Heiberg" "NDNS_Hermann-Pantenius" "NDNS_Heyse" "NDNS_Hirsch" "NDNS_Hoffmann" "NDNS_Hopfen" "NDNS_Jensen" "NDNS_Kirchbach" "NDNS_Kirschner" "NDNS_Kleist" "NDNS_Kulke" "NDNS_Laistner" "NDNS_Lentner" "NDNS_Lindau_Welt" "NDNS_Lindau_Wette" "NDNS_Ludwig" "NDNS_Marbach" "NDNS_Meyer" "NDNS_Mosen" "NDNS_Mosenthal" "NDNS_Mueller" "NDNS_Postl" "NDNS_Putlitz" "NDNS_Puttkammer" "NDNS_Reuter" "NDNS_Rosegger" "NDNS_Rosenthal-Bonin" "NDNS_Saar" "NDNS_Scherr" "NDNS_Schiller" "NDNS_Schoene" "NDNS_Schweichel" "NDNS_Silberstein" "NDNS_Smidt_Feuerschiff" "NDNS_Smidt_Passagiere" "NDNS_Spielhagen" "NDNS_Starklof" "NDNS_Stern" "NDNS_Storm" "NDNS_Trautmann" "NDNS_Vacano" "NDNS_Voss" "NDNS_Weber" "NDNS_Weitbrecht" "NDNS_Widmann" "NDNS_Wildenbruch" "NDNS_Zitelmann"
"NDNS_Anzengruber" 0 1.13387371834724 1.09212174058188 1.16795072388978 1.30223897352446 1.24861189599671 1.17214985785537 1.21548480063046 1.27180647885431 1.21726975347497 1.24533929956655 1.19065434215049 1.40293829280633 1.07364544769299 1.08663143275468 1.25907641100517 1.18384933574128 1.17339725342564 1.07641520879655 1.09734465510687 1.0716882071422 1.31352717745037 1.32698590296696 1.32070291560871 1.11695218188001 1.19450630235972 1.20528732246626 1.32803690955217 1.17730450962241 1.18199230772694 1.12750912980373 1.20412697087164 1.53382581232859 1.11335410714142 1.03127086231658 1.22545502216347 1.29929132054388 1.20292682210071 0.962089417631119 1.30385829471656 1.30325527614968 1.32053191426629 1.12170894036584 1.19798265628194 1.10507305437737 1.24465127541735 1.21166431747418 1.65524059092278 1.11321173487447 1.50857703032124 1.29154686437182 1.0025590478742 1.27676781561557 1.12257553165023 1.13603920086482 1.09190999545258 1.26877515816813 1.42753717052704 1.12457448728423 1.10962966496921 1.34624452688808 1.13158433040773 1.10327129880426 1.23446183111775 1.2851860492609 1.14857763325758 1.47664368123665 1.28729531189594 1.35112469607097 1.24509236189475
"NDNS_Artaria" 1.13387371834724 0 0.990324402181481 1.00514804746232 0.88657098551048 0.920385131193049 0.985937663764776 0.797203445286105 0.914039740636419 0.855260917043004 0.96878671062607 0.883350076513513 1.175740386738 0.715988730082874 0.948555417054755 0.963049965129303 0.984471585003671 0.824455100010496 0.813136446806724 1.101135387424 0.869321669088161 0.887304737910927 1.03867460294308 0.872436171580699 0.89070705535672 0.907590735506387 0.912373344583462 1.02657449507399 0.873904450733484 1.00764505965757 0.864458607662256 0.946167551970249 1.31981343300398 1.01120294131003 0.807937843818773 0.940398435402356 1.03146885229661 0.993683545770771 0.998356258853543 1.0787024112576 1.04985591012187 1.06369108306167 0.963607396788996 0.939005977975184 0.879467137195775 0.907628499309056 0.880216323958804 1.6969367868853 0.997023553501339 1.14654557871798 0.913729348161996 0.760094581722041 0.994737597207124 0.891866429855712 0.818474601715685 0.934656291042375 1.10280183262089 1.22673378567733 0.746528364938859 0.846439623107842 1.10376326905648 0.927721017976344 1.1570361598726 0.766045593139445 1.04565919063565 0.833695834788918 1.56457535805885 0.886850706071642 1.00344635013614 0.848661375745082
"NDNS_Bernstein" 1.09212174058188 0.990324402181481 0 0.983527692394737 0.883289037625272 0.926595868604897 1.11928054199442 1.03615385304146 0.994848584432885 0.83597088113503 1.08886852215971 0.86908486657586 1.14148305693327 0.845960832455097 0.949220586707764 1.02718223663081 0.989239515263093 0.847553897215364 0.900231667575977 1.00066641631007 0.931824468829018 0.994322286276191 0.963329214290467 1.04043468319588 0.911312985525334 0.919494584174247 1.0446019442464 0.982935119277227 1.01576087150407 0.999866632704457 0.964919772844728 0.89006914652193 1.19209986712471 1.01793685172286 0.874356554490328 0.864759437157254 0.969048306218516 1.03795816096768 1.05931729164627 0.986460115879292 0.92965119575669 1.06171971608663 0.883040449845667 0.827156833962444 0.945847949500514 1.00103641705312 0.896257713922266 1.54050846887386 0.860266738795445 1.05457249017086 1.05788163963798 0.769145016163986 1.0241968073236 1.05162835884702 0.85447118452169 0.88468109195009 1.03125548459408 1.11374564021119 0.921901180548882 0.960587454854941 1.09480395989742 0.938547454493275 1.10715509901383 0.884413592771575 1.02379580910333 0.857464354224875 1.33979646155918 0.901239810903377 1.05720613733866 0.885892333943771
"NDNS_Boehlau" 1.16795072388978 1.00514804746232 0.983527692394737 0 1.04427868663364 0.994809139332281 0.917093577920021 1.02623231042082 1.0582103822044 1.00220250892115 1.19568282597332 0.9373619830147 1.18356074821827 0.872903220785984 0.939940591076941 1.09796989503539 0.882924546268911 1.03907113177332 0.869306437110947 1.05092209326475 1.04054482167246 1.05927054815301 1.18889747725802 1.11715756777761 0.900759051710615 1.05597693232564 0.98921145962269 1.15482381111969 1.04535060045425 1.11065511478096 1.04155688393231 0.950953764483288 1.3018787213748 1.1791500793876 0.871519773889214 1.06982288286233 1.08123967015585 1.16147841101272 1.10555016764101 1.18899627719911 1.04172285780778 1.08485566485743 0.95701049211996 1.11020225618504 1.05125354723334 1.15673954655008 1.03157849325438 1.69197937134149 0.958299319873953 1.22650658750951 1.02272415624785 0.925628032148317 1.20262884549684 1.07581020919195 0.883141602561445 0.9187995530737 0.996366571157896 1.36571309832436 1.05445331471059 0.999058825349451 1.12523720289685 0.987070257875267 1.12646451056332 0.972699892138097 0.974369921647733 0.918481693973905 1.5587507382365 1.04727324107692 0.970998575614101 0.94083887379173
"NDNS_Boehm" 1.30223897352446 0.88657098551048 0.883289037625272 1.04427868663364 0 0.985104223157316 1.06948238541668 1.03049942698115 0.879317607440068 0.796349584663588 1.08398846495628 0.795562740363574 1.05618556196294 0.816913414690986 1.05597411076901 1.04168886461512 0.941963977091689 0.693545941077132 0.853413701615754 1.1576238988227 0.899458711550942 0.931155056575172 0.842878820499766 0.955434539289335 0.965052644263008 0.873614054452886 1.06790978263794 0.888603405041689 0.923592762069141 1.05121729760817 0.965257311847491 0.818594678271428 1.05861254611079 1.14813630918289 0.887809109671949 0.807216174917048 0.821784816738657 1.01429194733012 1.14114633448265 0.789256633890252 0.85962906249445 1.10593345538207 1.03129398750211 0.946843811119954 0.916877889733203 0.827549878907112 0.890803779134352 1.5377038780313 0.964976188019498 0.986084145424178 0.933835827351104 0.823087121016594 0.93589676753145 1.07690473474292 0.755285317151251 0.959432301607381 1.04645060512673 1.11054839501882 0.850478574202735 0.84243610050168 1.08365835435671 0.954604187057759 1.21768748449586 0.807865689983253 0.992706145662928 0.862375034869548 1.40092665703631 0.698407566686486 0.975249635029904 0.802331192071344
"NDNS_Boy-Ed" 1.24861189599671 0.920385131193049 0.926595868604897 0.994809139332281 0.985104223157316 0 1.09335950220397 0.990016205649455 0.935542727789992 0.88885397420268 1.0510196450382 0.902766347756909 1.20712617638464 0.818048362470676 1.01004774518824 1.02972140015132 0.947502550934051 0.873031888690267 0.898051937467365 1.06731664953487 0.989207504316749 0.938695223906774 1.07399229856748 1.00967413648642 0.896641198781574 0.983780735926981 0.960731204582824 1.11256783757123 0.999262437586585 1.06899354769983 1.00077513554125 0.865771314040005 1.3365393593737 1.14354993152908 0.916662943064928 0.988250316506999 1.05288899786429 0.997038764229758 1.11175820747304 1.06611466202982 0.917247873642381 1.07745801051277 0.956191630214748 0.94286999189659 1.08119630019898 1.01199741020887 0.881182464330463 1.66859301706105 1.00233425076885 1.20794900721314 1.05279872199733 0.869248460116658 1.08225838465054 1.06509004974234 0.868597859958642 1.0248932692281 1.13818215641563 1.22149500124641 0.940870256478399 0.987466172026004 1.09804762835808 1.00582111777574 1.22822265517498 0.873292479078123 1.03807269410123 0.838555194010595 1.53024787206238 0.940020590505961 1.08763758730617 0.828293243341026
"NDNS_Buelow_Herr" 1.17214985785537 0.985937663764776 1.11928054199442 0.917093577920021 1.06948238541668 1.09335950220397 0 1.00081743567895 1.11068060330928 1.02567452692513 1.06831022473681 0.973276709025785 1.19794473950646 0.874609288955441 0.973235978277321 1.13107508418669 0.898940997171843 0.978807448479303 0.880798300190175 1.10808576705103 1.03782345416842 1.05805098275265 1.20192154291784 1.05691418078781 0.950803142489709 1.0162164743516 1.01850999395282 1.16184319914811 1.04778680128112 1.08523652358635 1.08217611197935 1.01313092208165 1.31411009244191 1.15000989283746 0.836225914177183 1.08190706702455 1.09109327867227 1.1749783125872 1.08255983752595 1.17614622197645 1.10753214959159 1.16279076118892 1.05691030489493 1.14917850518978 1.04833477396293 1.10345374089518 1.06566434679742 1.69521396858931 1.08956151695281 1.32476760765244 1.07136210540423 0.97045111381443 1.2138260534797 1.13700409258681 0.908032084602974 0.983404609802205 1.16680634069248 1.41239118575176 1.05947609666689 0.933697341619704 1.10629248247351 1.0590175435407 1.20491178237926 0.98382519082684 1.00436785550793 0.882347480031081 1.55605233380671 1.06120341408595 0.981811204181991 0.961756647751427
"NDNS_Buelow_Verzaubert" 1.21548480063046 0.797203445286105 1.03615385304146 1.02623231042082 1.03049942698115 0.990016205649455 1.00081743567895 0 1.02756072213746 0.976586743083417 0.990589554263315 0.965757055130294 1.27533326586043 0.852138142404059 0.987817499843832 1.04597764922895 1.02929728587083 0.967711712437262 0.930278940587728 1.11196140485108 0.941046528780924 0.951675492597751 1.11730773475058 0.934546832444169 0.953783345527965 0.996059767118675 0.950691482455207 1.16205158484438 1.04868170555899 1.05675314109253 0.926946305206642 1.00314555492748 1.42881989240491 1.12835783587543 0.919885933527294 1.01958526551272 1.09341336916322 1.01146191394115 1.15648773932468 1.21782357027685 1.11831470984112 1.10559233307236 0.997190023979332 1.10790582867105 0.939607516488804 0.96020587801215 0.95178053035695 1.78112419401088 1.09996339063224 1.2521417442354 0.96610187573551 0.931641470051044 1.1633376753655 0.915593408422998 0.932151928742083 1.06345747223515 1.1783511475039 1.26528561689909 0.924694310407775 0.931025049175043 1.12315418916268 0.967553334197337 1.25438219192056 0.87045970564172 1.10163739659554 0.93309013965549 1.67627134253035 0.976543147232512 1.01273864103648 0.916093872185025
"NDNS_Burow" 1.27180647885431 0.914039740636419 0.994848584432885 1.0582103822044 0.879317607440068 0.935542727789992 1.11068060330928 1.02756072213746 0 0.884050571517178 1.10564857506015 0.887952418320913 1.17628066508073 0.792818989733521 1.02931765130742 1.0275279723164 1.00357885899504 0.845815734572927 0.907484924722363 1.18281521743985 0.911311596667519 0.94918028336389 0.923853580988647 0.996446785285261 0.98355939493922 0.879436302572959 0.988582463513943 1.00863971644197 0.978030594595432 1.09286592112308 0.985527200583778 0.849396483012234 1.21764858429682 1.08124151041343 0.947422020042429 0.877819192846877 0.932516302839739 1.02149010121242 1.13071283539126 0.984724617778413 0.977730985468859 1.07784582931335 0.94620824831444 0.977487195307077 1.03695805140282 0.933528735041528 0.812479560887617 1.58279319283929 0.947416473145054 1.12009836605355 1.00796682165967 0.841447134145444 1.01998869252412 1.04199656500057 0.828819937437403 0.972628586827251 1.10410326164538 1.17631466052871 0.90203140878066 0.966486645389014 1.1237418946793 0.938968473957924 1.24761526648566 0.842706335378249 1.04840746281071 0.911689151172906 1.46312199534336 0.792682335920374 1.10542222114916 0.839305919659619
"NDNS_Dingelstedt" 1.21726975347497 0.855260917043004 0.83597088113503 1.00220250892115 0.796349584663588 0.88885397420268 1.02567452692513 0.976586743083417 0.884050571517178 0 0.989288509400699 0.762935745766301 1.12087339140821 0.761467562252294 0.941020535081726 0.969146532135689 0.947462295651369 0.725585129596254 0.785131720747396 1.06526130965935 0.858574079476661 0.877235228815848 0.906769944706971 0.946381336087448 0.881153683804802 0.918986632313177 0.969627134087898 0.975735031302526 0.903889066488968 0.965622297371689 0.934583286756996 0.795980786041607 1.19445052257361 1.07282855912917 0.87128846844151 0.813506796216897 0.917391325601518 1.00720867596867 1.12614166162885 0.89704945203207 0.849444172225566 1.04073261655836 0.921300206319103 0.835959615845347 0.927078333167128 0.939604708593044 0.821392181896131 1.59812241817278 0.934079855355397 1.04855920416532 0.909154919935236 0.783858676732606 0.981387903773322 1.03116122518439 0.785675378555217 0.88546247700148 1.01496656334299 1.13492803363738 0.882102952925947 0.809370319906316 1.08521020724186 0.94271182749764 1.19128397240311 0.736679843275063 1.00526729746211 0.757187268045955 1.4439377487843 0.833116011716849 1.00946127754956 0.780792134392978
"NDNS_Dueringsfeld" 1.24533929956655 0.96878671062607 1.08886852215971 1.19568282597332 1.08398846495628 1.0510196450382 1.06831022473681 0.990589554263315 1.10564857506015 0.989288509400699 0 0.946299298182926 1.35383649471168 0.923797532709235 1.05437563881532 1.08520943292948 1.17342977079161 0.959822992119853 1.00223538142053 1.18346718618888 1.03763556190698 1.06236594924081 1.11252261801895 1.10777107829393 0.929845103537108 1.11319464824662 1.01143375195846 1.18146891685283 1.05025758636539 1.11684833695355 1.0066566840547 1.09772197394053 1.42149228185766 1.00065817389912 1.00412923377427 1.06596479038083 1.17866278864924 0.968510458007551 1.05250673427633 1.15805179001487 1.15894661714778 1.17887813122978 1.07720153736549 1.07574859434923 1.00895864047919 0.989046187854509 0.981834854011557 1.73403183059461 1.15110831931504 1.35505904011091 1.1029253650583 0.928554489262028 1.13376506304065 1.05778146187857 0.933549480025972 1.13799174200399 1.26787132259453 1.35423765297561 0.944523737344153 0.997634135589442 1.28090806105808 1.14450017126829 1.27830056022356 0.910449286352682 1.20740155896957 0.986672822011508 1.62659668274667 1.03282948007915 1.17352663460775 0.953458597390138
"NDNS_Ebner-Eschenbach_Freiherren" 1.19065434215049 0.883350076513513 0.86908486657586 0.9373619830147 0.795562740363574 0.902766347756909 0.973276709025785 0.965757055130294 0.887952418320913 0.762935745766301 0.946299298182926 0 1.03160829252647 0.823396242017596 0.981325301161575 0.958891486668588 0.965261807021094 0.784888671187196 0.787088204656828 1.04743400416908 0.896696435536566 0.908855307595937 0.908656543255112 0.957664822603696 0.827436463895705 0.940073705391035 0.969044826157977 1.00751133118239 0.898704406938259 0.998372027099668 0.880988011245274 0.81053568051079 1.22438870361595 1.01337832135811 0.813022506613436 0.824064962777913 0.931809441391013 0.955991014292123 1.07031558168409 0.931579711357883 0.890003919688344 1.03622096627264 0.922026049776658 0.855012738808352 0.948643004757873 0.940147985463665 0.818233743122457 1.58935005864697 0.930091054362278 1.04593323386507 0.967889581379166 0.803113516934987 0.983697366314178 1.01210448801031 0.748675587798422 0.91183786441309 1.0396818593928 1.15037389440004 0.877200553601974 0.805991509231462 1.05702458962297 0.955337271941885 1.11034836306733 0.780987959322456 0.989480854672499 0.811810766111572 1.43402509384152 0.842076660638279 0.968960152324928 0.784497235558872
"NDNS_Ebner-Eschenbach_Krambambuli" 1.40293829280633 1.175740386738 1.14148305693327 1.18356074821827 1.05618556196294 1.20712617638464 1.19794473950646 1.27533326586043 1.17628066508073 1.12087339140821 1.35383649471168 1.03160829252647 0 1.06652650105121 1.21646486306102 1.29357853821316 1.13961135541047 1.04254670664859 1.03315127883714 1.28786441392557 1.05471539513081 1.25485249469523 1.15776227928355 1.21147000188371 1.13715501993018 1.1489998782873 1.27579598201561 1.17135961263269 1.16549396114124 1.24091769124749 1.24582187918927 1.06328997772055 1.29909068895328 1.22232112974783 1.04630248106404 1.02210289264341 1.06164207783292 1.28711109227795 1.29146295203685 1.11708457966372 1.05215788073561 1.26946770949817 1.15688282802674 1.0789877540142 1.1404620087032 1.2017888654296 1.14891141941042 1.61841337195143 1.10748129400758 1.29650236345148 1.23141442312876 1.08370451350966 1.17729114003319 1.32053538325951 1.05411937735585 1.09748838671589 1.16822914965767 1.29768491301043 1.13447338666417 1.1047386099505 1.23355633249055 1.15044546362771 1.32753678782088 1.1896672549878 1.13920884459857 1.13296762140252 1.45077738857969 1.05830229757158 1.2485614843214 1.16084137122357
"NDNS_Floerke" 1.07364544769299 0.715988730082874 0.845960832455097 0.872903220785984 0.816913414690986 0.818048362470676 0.874609288955441 0.852138142404059 0.792818989733521 0.761467562252294 0.923797532709235 0.823396242017596 1.06652650105121 0 0.797645495999627 0.908551366568644 0.829541030498667 0.719441107222917 0.740373590999779 0.992728467325075 0.810216939168229 0.852230743711897 0.893488304475528 0.889047016745095 0.79149209947473 0.785373386202874 0.816301192278923 0.921271759473444 0.783424457755418 0.900722366627604 0.879502336715593 0.782757875625224 1.17864204466676 0.957504797865658 0.691532218068079 0.816385225947674 0.898006153173487 0.949357638826272 0.914617917766145 0.917606360872527 0.92115606205323 0.90997825897055 0.846217053233312 0.816404520923455 0.874149865362276 0.844768653919707 0.822775345714147 1.56546708669296 0.927436755051393 1.03711975551725 0.896843822851728 0.615722082342715 0.979095367111869 0.918686909693163 0.66793375237337 0.798866965123936 0.96754362988949 1.18431713510975 0.729071396829749 0.734406734289326 1.01765284955385 0.815580786094858 1.05603876466617 0.682998462578 0.890947937356072 0.726240395756692 1.45293520098043 0.747988473957702 0.913176679234142 0.710900541569328
"NDNS_Fontane" 1.08663143275468 0.948555417054755 0.949220586707764 0.939940591076941 1.05597411076901 1.01004774518824 0.973235978277321 0.987817499843832 1.02931765130742 0.941020535081726 1.05437563881532 0.981325301161575 1.21646486306102 0.797645495999627 0 1.05784831540734 0.932940021193237 0.971134951672412 0.863481272969931 1.03066005446338 0.926038678460054 1.03589698471684 1.11360094411276 1.01364464983627 0.843098324746783 0.953108874854318 0.929841629394663 1.08592311052746 1.0252253451577 1.0328414559746 0.974208798650256 1.00543769795899 1.30813099138889 1.0579196483094 0.853715425042513 0.963217538566383 1.09025319767864 1.11089808176445 0.947948424127054 1.13334855502754 1.06680098812573 1.10515735809004 0.877169826920239 0.989216817511743 0.983102999066722 1.08745537624298 0.988068712826731 1.56869569264989 0.966930133492599 1.22345395121347 1.04336642164891 0.846085485510082 1.10689201321525 1.00243230666745 0.892922519377224 0.953357451394953 1.05885092271341 1.23923167458783 0.996716676659318 0.919513920715726 1.1130018680406 0.924416098233881 1.08422775161763 0.924758242023635 1.07295438733376 0.859051534094628 1.40681801790888 1.0019489342878 1.05742316979561 0.930174711869462
"NDNS_Franzos" 1.25907641100517 0.963049965129303 1.02718223663081 1.09796989503539 1.04168886461512 1.02972140015132 1.13107508418669 1.04597764922895 1.0275279723164 0.969146532135689 1.08520943292948 0.958891486668588 1.29357853821316 0.908551366568644 1.05784831540734 0 1.11171810169547 0.978889703836211 0.964179651446473 1.21726061028888 1.05581539612708 1.01983682605688 1.11864559167124 1.13313886871527 0.9510905116581 1.07248768536203 1.04021486439135 1.09933539122964 0.993210001441378 1.09387054015121 1.0122434131791 1.04361950263482 1.43086361255957 1.06665934353585 0.984114473280615 0.995362129824073 1.14443049262037 1.02610962489825 1.12725418822764 1.12444011162752 1.11116069890305 1.14433041487718 1.00152241091889 1.03959733795657 1.070897926979 1.06459079361486 1.00355065514207 1.69922865566416 1.02274767827385 1.18898699625592 1.14738493709784 0.878089758575528 1.13323261032431 1.04820282104092 0.959443042022977 1.00792318461784 1.18430089276079 1.29328185249209 0.956477294036756 0.985988554267578 1.20907959584236 1.11128016676431 1.15697976075965 0.902457862061913 1.13344462137941 0.947765305911231 1.52652139367685 0.990460470671991 1.16223531197321 0.969732740172034
"NDNS_Frapan" 1.18384933574128 0.984471585003671 0.989239515263093 0.882924546268911 0.941963977091689 0.947502550934051 0.898940997171843 1.02929728587083 1.00357885899504 0.947462295651369 1.17342977079161 0.965261807021094 1.13961135541047 0.829541030498667 0.932940021193237 1.11171810169547 0 0.949231945313749 0.80916610058733 1.02694669124973 0.86955910551138 1.05569834852007 1.084416535448 0.969761701662887 0.938810891660887 0.985295161555713 1.05890608223819 1.10263790794607 0.994843020403592 1.05055416158517 1.02105429860757 0.880619315131715 1.14560377068323 1.23642212864086 0.825686829447264 0.956742675824585 1.01004159233487 1.1708075617131 1.0797596640476 1.10590085942437 0.974791028629461 1.05650007077799 0.93461004138542 1.03530821709938 1.01519909277777 1.05338693282293 1.04448312098057 1.444393990063 0.939546031465259 1.14322174171385 0.999948487753387 0.913341821516849 1.13783016684282 1.15557081694704 0.905649272296803 0.922657427259906 1.10168376677863 1.23345504879501 1.01418075452342 0.868185129636073 1.03109720551203 0.929122865154372 1.10405470890658 0.966251709891798 0.971311084537891 0.861679447775111 1.33090268435826 0.959999480465406 0.956209143628938 0.953806006232654
"NDNS_Frenzel" 1.17339725342564 0.824455100010496 0.847553897215364 1.03907113177332 0.693545941077132 0.873031888690267 0.978807448479303 0.967711712437262 0.845815734572927 0.725585129596254 0.959822992119853 0.784888671187196 1.04254670664859 0.719441107222917 0.971134951672412 0.978889703836211 0.949231945313749 0 0.808316985858135 1.11380413874164 0.818609027885746 0.879620037726839 0.804795958302563 0.911110982356871 0.852234837360973 0.801059387145809 0.957657507184447 0.917130423298823 0.885929149367648 0.960790777504887 0.903150884230751 0.819599607431634 1.0873616657623 1.04030684997607 0.82574751808793 0.760514324687614 0.833704110109851 0.95766600621884 1.01632824020382 0.804468834644291 0.863008526132038 1.00964440190519 0.934211276637343 0.817182619462908 0.856432640359054 0.796447405439978 0.847898934915731 1.57772474332662 0.879829978058336 0.999323427260119 0.978917163943604 0.725349068828582 0.944023726680449 0.994422957911563 0.6711731162688 0.873550896246237 1.02971102936681 1.10593324812166 0.771375906422245 0.767042798950056 1.04265896372356 0.885672157972664 1.18346914455548 0.738710356659847 0.991486017301862 0.791355498069896 1.43213103120376 0.689305100818881 0.978136312285806 0.727456967327569
"NDNS_Friedmann" 1.07641520879655 0.813136446806724 0.900231667575977 0.869306437110947 0.853413701615754 0.898051937467365 0.880798300190175 0.930278940587728 0.907484924722363 0.785131720747396 1.00223538142053 0.787088204656828 1.03315127883714 0.740373590999779 0.863481272969931 0.964179651446473 0.80916610058733 0.808316985858135 0 1.01894297380725 0.795911114800907 0.976356940756519 0.902268190316577 0.961171523924589 0.80730719315996 0.933721943114837 0.947892512661265 0.960810306211848 0.829588236124423 0.9500683418726 0.871075498774145 0.806225673966842 1.1944201203547 0.999007604101255 0.712779319728684 0.79895084987198 0.951933755809289 1.00204803052992 0.972819240887675 0.974345975363546 0.878834735747994 0.965301956772273 0.862473390848257 0.887827327149382 0.874002032319583 0.919391678263074 0.857539880534309 1.50522046731771 0.849100039728009 1.07029100387691 0.93530026203131 0.739546596883965 0.98248766174233 0.979280335131819 0.721643566070451 0.823940228616969 1.0309192362784 1.2085158382959 0.864445207009382 0.759870938781802 1.04990624990531 0.894439846904612 1.05978665613269 0.823007630234234 0.931886359716143 0.824890696621071 1.35428615289116 0.835681036723149 0.962716931288947 0.813427789137716
"NDNS_Ganghofer" 1.09734465510687 1.101135387424 1.00066641631007 1.05092209326475 1.1576238988227 1.06731664953487 1.10808576705103 1.11196140485108 1.18281521743985 1.06526130965935 1.18346718618888 1.04743400416908 1.28786441392557 0.992728467325075 1.03066005446338 1.21726061028888 1.02694669124973 1.11380413874164 1.01894297380725 0 1.05941471503661 1.17983322834889 1.25587941004509 1.17399782267914 1.04180455922316 1.12936906001852 1.07334294455919 1.23859882743832 1.14501842496618 1.1883716802466 1.14029508939855 1.06389984265483 1.38552331730252 1.09715421644081 0.903534283425246 1.12135545577809 1.25543534592759 1.18452548972561 1.06234085605271 1.2671803635101 1.10402641575937 1.17381978316517 0.995402556036016 1.11245059132549 1.12577091200163 1.23465817947621 1.0921625683802 1.61987202010729 1.06560728366487 1.31946999659254 1.12920056362761 0.953699220624952 1.24774230045129 1.17851861422296 0.985218740031888 1.05424347921746 1.17464869008856 1.36006839558636 1.13666330923083 1.06931128477714 1.24885055633563 1.04170270554352 1.11270116076161 1.06655551387606 1.24717294026951 0.99829707085152 1.44566422470553 1.1540463080584 1.14214887693011 1.05355376382624
"NDNS_Gaudy" 1.0716882071422 0.869321669088161 0.931824468829018 1.04054482167246 0.899458711550942 0.989207504316749 1.03782345416842 0.941046528780924 0.911311596667519 0.858574079476661 1.03763556190698 0.896696435536566 1.05471539513081 0.810216939168229 0.926038678460054 1.05581539612708 0.86955910551138 0.818609027885746 0.795911114800907 1.05941471503661 0 1.05334626618563 0.949526709109991 0.918411126002463 0.893959697940352 0.892964433995421 0.99768360978697 0.969697971226396 0.908575068422489 0.988855772527351 0.912374551258275 0.904876429508913 1.15922395846558 1.01396364310573 0.835172137018427 0.830314975975679 0.945115330400986 1.02812522498996 1.02875491730735 0.952625468928931 0.906302029808114 0.968841901558494 0.93444505143845 0.792049979342722 0.833515686365971 0.898386175941984 0.865931448534054 1.43365322372891 0.904232010818286 1.11385158812285 0.950776744277911 0.785922385661643 0.941935330313231 0.925897862374099 0.834112738694989 0.909763790541489 1.0426618027938 1.13323335811018 0.86692762476459 0.74745318199923 1.06862345787759 0.772609400654168 1.00821665347765 0.909328205768303 1.01295448968418 0.877067140819908 1.27836110742269 0.855484475805658 1.10039826613844 0.957921478300539
"NDNS_Godin" 1.31352717745037 0.887304737910927 0.994322286276191 1.05927054815301 0.931155056575172 0.938695223906774 1.05805098275265 0.951675492597751 0.94918028336389 0.877235228815848 1.06236594924081 0.908855307595937 1.25485249469523 0.852230743711897 1.03589698471684 1.01983682605688 1.05569834852007 0.879620037726839 0.976356940756519 1.17983322834889 1.05334626618563 0 1.02287696240708 0.978397236167459 0.965488047824296 0.954088220268482 0.977879874308756 1.08430393565016 0.999380637648714 1.09335644616825 1.0712670828932 0.94140347204427 1.29010960516812 1.15883563696388 0.988841975878301 1.04024261384642 1.03790802322601 1.07104626928566 1.20272024656756 1.06578812120759 1.0135757210179 1.14504453640783 1.09158071759967 1.07340178546338 1.01334588708805 0.991639188391544 0.909259312627171 1.73307210246917 1.04950175559156 1.18223534468872 0.985417464619569 0.873037772522455 1.12355746803188 1.03254904391622 0.860529027780957 1.02674058787543 1.14028040330902 1.27513247837803 0.940863933548247 0.98042041555782 1.06260673553153 1.01939398031331 1.27962404816995 0.811798010993408 1.0758791678335 0.885301911749111 1.6307599601683 0.868703769719796 1.00345315469943 0.797589053997781
"NDNS_Gutzkow" 1.32698590296696 1.03867460294308 0.963329214290467 1.18889747725802 0.842878820499766 1.07399229856748 1.20192154291784 1.11730773475058 0.923853580988647 0.906769944706971 1.11252261801895 0.908656543255112 1.15776227928355 0.893488304475528 1.11360094411276 1.11864559167124 1.084416535448 0.804795958302563 0.902268190316577 1.25587941004509 0.949526709109991 1.02287696240708 0 1.09863132720211 1.04550818705862 0.98267274647446 1.14875875210082 1.03483260357676 0.981170270191274 1.13039931008565 1.03945754958401 0.9291841520416 1.18215313401654 1.09890918819408 0.988976760428664 0.865277608417119 0.992355884226798 1.12249340428962 1.16857241894143 0.86787486228791 0.987292700198157 1.14900730495935 1.09782568959679 0.900899183933854 1.00064225708826 0.869303176608606 0.911760008151974 1.54675346531964 1.03928329868306 1.09534178405809 1.08259072448091 0.854042206610689 1.04149503983694 1.12647490624308 0.845761865580798 1.01005018732544 1.18454448207382 1.21676475172959 0.87537759376879 0.953122460275331 1.20727251559736 1.07460023754399 1.31020634128646 0.937788065854103 1.07581781700945 1.02476447192809 1.38789442157786 0.771832347546945 1.15709332050668 0.937660690606336
"NDNS_Heiberg" 1.32070291560871 0.872436171580699 1.04043468319588 1.11715756777761 0.955434539289335 1.00967413648642 1.05691418078781 0.934546832444169 0.996446785285261 0.946381336087448 1.10777107829393 0.957664822603696 1.21147000188371 0.889047016745095 1.01364464983627 1.13313886871527 0.969761701662887 0.911110982356871 0.961171523924589 1.17399782267914 0.918411126002463 0.978397236167459 1.09863132720211 0 0.989895990626057 0.978612565982484 1.01673174995108 1.11021605981332 1.07153947297355 1.1289272801941 0.920659956118303 1.01262654582098 1.27602984473946 1.20417902181758 0.980948546421903 0.984563982918228 1.06422197360847 1.08280605298817 1.25490680451262 1.1390760355689 1.0325846694777 1.11687168245183 1.08158183862805 1.07000979411045 1.01642344236793 0.964071492655204 0.979150618664013 1.67579799238193 1.02504496511838 1.15459685034866 0.918863389642245 1.01686316066341 1.06882722689814 1.09286342479268 0.943115392692395 1.05332780585236 1.21687581255208 1.21570408981097 0.956009950804679 0.989339837987697 1.13848479031435 0.936497556090996 1.27020793776004 0.905780724521692 1.14710643541894 0.938276003555716 1.55798817242568 0.879930207730906 1.01826061612211 0.917692084484608
"NDNS_Hermann-Pantenius" 1.11695218188001 0.89070705535672 0.911312985525334 0.900759051710615 0.965052644263008 0.896641198781574 0.950803142489709 0.953783345527965 0.98355939493922 0.881153683804802 0.929845103537108 0.827436463895705 1.13715501993018 0.79149209947473 0.843098324746783 0.9510905116581 0.938810891660887 0.852234837360973 0.80730719315996 1.04180455922316 0.893959697940352 0.965488047824296 1.04550818705862 0.989895990626057 0 0.97312727626759 0.936802604672655 0.989189882642833 0.963495722423442 0.986293209815753 0.853895850474223 0.961277187880944 1.27481571174189 0.988299418781944 0.81300050174314 0.94578359850075 1.02185438635081 0.948025773286869 0.992079639549261 1.01539541955045 0.982418319092706 1.06011329793761 0.883810657687767 0.942200934592765 0.882920115429525 0.994306492971031 0.914079232009463 1.65516629834512 0.936799093436007 1.13861068381954 1.00514613586897 0.793932731147947 1.08734024902011 0.970649247057049 0.800957293320051 0.925268239882366 1.03011304513356 1.22937409130751 0.842048748106948 0.86776020966321 1.0981992488358 0.953433444196254 1.07979282258223 0.831252702282615 0.981719636663509 0.769634731606852 1.48012657775144 0.907603503703529 1.03016277921228 0.798034944831708
"NDNS_Heyse" 1.19450630235972 0.907590735506387 0.919494584174247 1.05597693232564 0.873614054452886 0.983780735926981 1.0162164743516 0.996059767118675 0.879436302572959 0.918986632313177 1.11319464824662 0.940073705391035 1.1489998782873 0.785373386202874 0.953108874854318 1.07248768536203 0.985295161555713 0.801059387145809 0.933721943114837 1.12936906001852 0.892964433995421 0.954088220268482 0.98267274647446 0.978612565982484 0.97312727626759 0 0.936635831757952 0.981603530316261 0.904465015014461 1.05042367368455 1.0074906601474 0.954071351635035 1.1730554387231 1.11680315848626 0.854356124823917 0.942851540122647 1.00259308829289 1.06299060843489 1.07743128905891 1.0460698512141 1.00990437544061 1.09103669525978 0.969397077899208 0.952437786951471 0.931575221701565 0.907305513765527 0.911204363771563 1.6480661665349 0.963453419776758 1.14170530270591 0.999803148641474 0.814716928562398 1.12777168556524 1.01165977437409 0.786833432943979 0.937236719953312 1.08413844819043 1.22022444224982 0.889620820238473 0.846641108425585 1.04578499123149 0.882490053032277 1.14927349288581 0.874116164029613 1.00815424487055 0.932858804539586 1.4814292377117 0.842183167192067 1.01246857302282 0.863240554294129
"NDNS_Hirsch" 1.20528732246626 0.912373344583462 1.0446019442464 0.98921145962269 1.06790978263794 0.960731204582824 1.01850999395282 0.950691482455207 0.988582463513943 0.969627134087898 1.01143375195846 0.969044826157977 1.27579598201561 0.816301192278923 0.929841629394663 1.04021486439135 1.05890608223819 0.957657507184447 0.947892512661265 1.07334294455919 0.99768360978697 0.977879874308756 1.14875875210082 1.01673174995108 0.936802604672655 0.936635831757952 0 1.1195666336335 0.960877980441772 1.1204628827307 1.03415172215381 1.03132830741588 1.31492520221785 1.0292417870239 0.88883768579504 1.00539086314913 1.15691296701569 0.995522759702487 0.96526166196237 1.17953439886159 1.12246108060589 1.05797696355487 0.922898391429996 1.02311282054275 1.0491734282376 1.01177764263037 0.927843451851321 1.64258026373218 1.07160052642668 1.23711413167125 1.07084800697328 0.880351209724688 1.17415199393103 1.00561695999163 0.868695247630691 0.970919184037164 1.16993664321316 1.3504076002034 0.923601423422332 0.984383038791638 1.15199695870631 0.998011078519941 1.13336767541505 0.869980147959715 1.07463334320589 0.898741159926686 1.47675832580134 1.02137872337215 1.06375565497112 0.874521974365049
"NDNS_Hoffmann" 1.32803690955217 1.02657449507399 0.982935119277227 1.15482381111969 0.888603405041689 1.11256783757123 1.16184319914811 1.16205158484438 1.00863971644197 0.975735031302526 1.18146891685283 1.00751133118239 1.17135961263269 0.921271759473444 1.08592311052746 1.09933539122964 1.10263790794607 0.917130423298823 0.960810306211848 1.23859882743832 0.969697971226396 1.08430393565016 1.03483260357676 1.11021605981332 0.989189882642833 0.981603530316261 1.1195666336335 0 0.945052683005751 1.1240468088506 1.02690741132425 1.04104934740228 1.18437643914608 1.18443314535367 0.973188923699057 0.909225712574031 0.964938729613211 1.14677873010111 1.19086982392701 0.937162842375856 1.02098693435548 1.17205277770249 1.11590095929081 0.968001465177222 1.01605142171438 1.03584696363046 1.01487970252548 1.54760267737894 1.01001920750236 1.11587190861196 1.08660803739946 0.920547875099533 1.0920216633513 1.19294458718522 0.909823582335756 0.9921551214443 1.12046888337193 1.21820439646061 0.99022134676642 0.952068675921552 1.15385861525351 0.999780773570937 1.20036694474066 0.959763902420966 1.108155648482 0.962996643237469 1.39403666318749 0.872694288522812 1.11352736903463 0.982171191951417
"NDNS_Hopfen" 1.17730450962241 0.873904450733484 1.01576087150407 1.04535060045425 0.923592762069141 0.999262437586585 1.04778680128112 1.04868170555899 0.978030594595432 0.903889066488968 1.05025758636539 0.898704406938259 1.16549396114124 0.783424457755418 1.0252253451577 0.993210001441378 0.994843020403592 0.885929149367648 0.829588236124423 1.14501842496618 0.908575068422489 0.999380637648714 0.981170270191274 1.07153947297355 0.963495722423442 0.904465015014461 0.960877980441772 0.945052683005751 0 1.08412853264273 1.00200883336314 1.01215429969843 1.24690906147442 1.03326312969351 0.80844429705312 0.939672313270531 1.1072815131399 1.07486852270516 0.996079561218073 1.0223409651302 1.07862177589284 1.10148440394163 1.01628998849278 0.921882000648804 0.990090835432028 0.936575263231927 0.941668608222453 1.65483465098726 0.995991911734622 1.17093847283524 1.06464394599517 0.735868500741445 1.12285351464119 1.0281482682739 0.765587899776218 0.90048675345208 1.18428706413255 1.33805780894075 0.884496402812528 0.794590445915669 1.19066082783177 0.969217470986662 1.20667398322837 0.870854453767573 1.01415169589277 0.92106902941187 1.50812874370374 0.886454060028484 1.10496136070162 0.886678028955441
"NDNS_Jensen" 1.18199230772694 1.00764505965757 0.999866632704457 1.11065511478096 1.05121729760817 1.06899354769983 1.08523652358635 1.05675314109253 1.09286592112308 0.965622297371689 1.11684833695355 0.998372027099668 1.24091769124749 0.900722366627604 1.0328414559746 1.09387054015121 1.05055416158517 0.960790777504887 0.9500683418726 1.1883716802466 0.988855772527351 1.09335644616825 1.13039931008565 1.1289272801941 0.986293209815753 1.05042367368455 1.1204628827307 1.1240468088506 1.08412853264273 0 1.07622997639454 0.998734535860313 1.32706058189473 1.1422816759075 0.94666574660384 1.01176241695371 1.07716483152301 1.09409520073292 1.12387571376269 1.13413232103253 1.08427720671054 1.17469852885288 1.09061159455601 1.02663993903064 1.03993171489014 1.09780958214216 1.07513935297678 1.54513878984425 1.06717380672414 1.19791528147381 1.10645319785824 0.920662493545114 1.1580018190151 1.12994495594382 0.982514529184705 1.04766036897038 1.07740987420548 1.08734028380526 1.02939437625399 0.968272019048452 1.14467625099827 1.06538395777076 1.18209422550681 1.01243074831781 1.15200117808632 0.997957560734292 1.35875809282803 1.01635648580725 1.14421317480328 1.02923136716249
"NDNS_Kirchbach" 1.12750912980373 0.864458607662256 0.964919772844728 1.04155688393231 0.965257311847491 1.00077513554125 1.08217611197935 0.926946305206642 0.985527200583778 0.934583286756996 1.0066566840547 0.880988011245274 1.24582187918927 0.879502336715593 0.974208798650256 1.0122434131791 1.02105429860757 0.903150884230751 0.871075498774145 1.14029508939855 0.912374551258275 1.0712670828932 1.03945754958401 0.920659956118303 0.853895850474223 1.0074906601474 1.03415172215381 1.02690741132425 1.00200883336314 1.07622997639454 0 0.965244492337216 1.33253998465952 1.03042406732545 0.903586709569277 0.921286618108488 1.10044075667284 0.977292665867737 1.04244121350501 1.06613238436061 1.02599516824931 1.0750690983836 1.01247911241168 0.961224182224629 0.934361322988583 0.933363274681734 0.908728675256637 1.62297975951438 0.959916402267773 1.13741429325055 0.978548101701885 0.874123609576545 1.0286109042072 0.966980655950299 0.912732765511276 0.989416499090146 1.16338104222693 1.24422402072534 0.917165748393851 0.925515146960229 1.20890568407712 0.9756467707045 1.14272387841396 0.839437261639133 1.10306840517008 0.913331513797628 1.46211428771568 0.953708235139829 1.0491974265542 0.914255932517413
