"DNS_Alexis" "DNS_Andolt" "DNS_Arnim" "DNS_Auerbach" "DNS_Berthold" "DNS_Brentano" "DNS_Chamisso" "DNS_Dincklage" "DNS_Droste" "DNS_Eichendorff" "DNS_Ense" "DNS_Frey" "DNS_Gall" "DNS_Gerstaecker" "DNS_Gluemer" "DNS_Goethe" "DNS_Goldammer_Hochzeitsnacht" "DNS_Goldammer_Wiedersehen" "DNS_Gotthelf_Kurt" "DNS_Gotthelf_Notar" "DNS_Grillparzer" "DNS_Grimm" "DNS_Grosse" "DNS_Hacklaender" "DNS_Halm" "DNS_Hartmann" "DNS_Hauff" "DNS_Heyden" "DNS_Heyse" "DNS_Hoefer" "DNS_Hoffmann" "DNS_Holtei" "DNS_Horner" "DNS_Immermann" "DNS_Kaehler" "DNS_Keller" "DNS_Kinkel_Margret" "DNS_Kinkel_Orthodoxie" "DNS_Kleist" "DNS_Kompert" "DNS_Kopisch_Karnevalsfest" "DNS_Kopisch_Traeumer" "DNS_Kruse" "DNS_Kuernberger" "DNS_Kugler" "DNS_Kurz" "DNS_Lewald" "DNS_Lohmann" "DNS_Lorm" "DNS_Ludwig" "DNS_Meissner" "DNS_Meyr" "DNS_Moerike" "DNS_Muegge" "DNS_Mueller" "DNS_Pichler" "DNS_Raabe" "DNS_Reich" "DNS_Riehl" "DNS_Roquette" "DNS_Rumohr" "DNS_Sacher-Masoch" "DNS_Schefer" "DNS_Scheffel" "DNS_Schmid" "DNS_Schreyvogel" "DNS_Schuecking" "DNS_Spindler" "DNS_Sternberg" "DNS_Stifter" "DNS_Storm" "DNS_Tesche" "DNS_Tieck_Gemaelde" "DNS_Tieck_Lebens" "DNS_Traun" "DNS_v.W." "DNS_Waldmueller" "DNS_Wallner" "DNS_Wichert" "DNS_Widmann" "DNS_Wilbrandt" "DNS_Wild" "DNS_Wildermuth" "DNS_Wolf" "DNS_Ziegler" "DNS_Zschokke"
"DNS_Alexis" 0 0.826443801645219 0.969167427675775 0.786718764227758 0.847964238733259 0.97329651416867 0.874126506627049 0.919764028211116 0.918260786398611 1.02655932736537 0.932065156352907 0.842997812309223 0.902968777519688 1.09206259194967 0.906823796876236 1.05285081294045 1.23863249541806 1.06354147488103 0.802560842660952 0.995776201266639 0.946384877932996 0.92460025568655 0.859048331988348 0.921085986050844 0.903052343112258 1.01972835792368 0.884235878124482 0.891475168363508 0.780341683790147 0.899133064760885 0.880497640481554 0.950443383717892 0.818066512914893 0.773295268005394 0.908113544422172 0.842238290965355 0.953320157764917 0.859728172879224 1.03419253609247 0.847397817345149 0.973999933757654 0.946888588914026 0.842805859351809 0.819848886034444 0.913137172680574 0.808183683551881 0.85348153026624 0.889371581618842 0.939952427950037 1.00315611646043 0.778018536730061 0.831778347412137 0.793859666603914 0.767346979289177 0.819955073451844 0.855574252445986 0.93482570700195 1.01278284982129 1.17046335175659 0.819201399532127 0.869610329042832 1.00005178845421 0.808803123552842 1.2211826912106 0.816977833979917 0.899543136052746 0.804126340029537 0.88703648544403 0.845898037743595 0.948741130289286 1.00476413053984 0.805173040964551 0.79109303920898 0.863125320602043 1.04114396727755 0.968797850531733 0.767595339313839 1.21424311412688 0.866732123860956 0.933541008010359 0.962544646247051 0.843346193441787 1.01005064376894 1.33890615386868 0.854106311628234 0.783065785435192
"DNS_Andolt" 0.826443801645219 0 1.02081264432333 0.917871545217878 0.958621502853258 1.07151186248697 0.903406215240907 1.00899426366226 1.00814034396166 1.09401355793507 0.900483673847247 0.925521385758472 0.958768311435559 1.19406010862076 1.05222124264784 1.02288115888022 1.32572869898837 1.1241349277632 0.940134674286868 1.10814505291494 0.971595873334406 0.979293815583594 0.873418138441287 0.974923346766565 0.912498417649625 0.986298907256586 1.01080795701326 0.930496924694288 0.907122419799089 1.00194827987893 0.929405721671962 1.02183865580557 0.92452052575675 0.745590892812995 0.907120477378578 0.923265257883014 1.00789124505175 0.898944908442077 1.0326422460037 1.02519918662459 1.03750059443795 1.042237724983 0.888278361416707 0.910410459458356 0.905501079715106 0.829095940796353 0.884222588351203 0.89938107074511 0.94085714903685 1.10895318403231 0.875862704247864 0.914606208771057 0.821212968444469 0.901982615397991 0.789530540840834 0.937156089460709 0.971445471847851 1.1085875465718 1.20246396619997 0.824364031234466 0.905011375703353 1.10265111608507 0.956117082079315 1.33206219113133 0.933608966366035 0.851466956149922 0.808519175603288 0.969490276328767 0.886975811962311 0.949650460141053 0.966371748135058 0.877045392613911 0.840781464527852 0.900799368684818 1.08163634200818 0.928985112875508 0.858639790805603 1.20254081641765 1.01097773328102 1.11801111786708 1.03723931729626 0.865868696178083 1.10841785714871 1.35492581871024 0.981365941598901 0.894941441625229
"DNS_Arnim" 0.969167427675775 1.02081264432333 0 0.921082532612007 1.00474254562705 1.01443262838454 1.02564661914164 1.08618795805742 1.07679073744311 1.10495368319834 1.05223073606028 1.04243863351017 0.994635872422468 1.26368108493009 1.0544707592614 1.11739870677511 1.31575323876184 1.16622449078102 0.966246763796808 1.14112376892673 1.0409210317302 1.09267578615082 1.05926290432663 1.07844923764362 0.961498824433968 1.12268935342732 1.05664436565021 1.05661874802148 0.968304172341573 1.07710507701675 1.03694167942397 1.05073389436972 1.02139239775558 0.923200213963141 1.0423584509456 1.0358387036146 1.01365208066953 1.00424140415132 1.07040237900659 1.05238721111149 1.08694716339653 1.07556824269808 1.02984473532711 1.00937274273369 1.04285623923014 0.975004619457179 0.985839813642425 1.03013893294692 1.09262620262977 1.14876808326954 0.933114745360248 1.03262567105166 1.00807314727775 1.01994577070363 0.945453943124059 1.02481411426989 1.07160663808713 1.10606807310935 1.17141303220268 0.987597317241016 1.04469586777237 1.15999859461935 0.961477560308923 1.30997404570611 0.999364233751863 1.04929505533893 0.947583995313875 1.04042462135618 1.04699700240475 1.05093808708598 1.13687441792739 0.988418734391556 0.997861461938459 1.03395126010294 1.18743845764492 1.21259551154689 0.951438290107562 1.2718116971849 1.00264979863921 1.12254398886918 1.09538643165877 0.99699366006288 1.13474867198506 1.42941616313741 0.975186300232085 0.969120459060705
"DNS_Auerbach" 0.786718764227758 0.917871545217878 0.921082532612007 0 0.791029734636323 0.942112565177078 0.867248943296245 0.954803138017743 0.852878330118633 0.974170726000858 0.978696355966822 0.842773072289312 0.877157822772141 1.0675082604176 0.853374984909422 1.07175876016886 1.21348681624118 1.07681656364832 0.792003742497779 0.984617241373765 0.899134007320264 0.864595483865122 0.844970394906573 0.961433286957586 0.905119786691834 1.01429986391129 0.925578394367457 0.976577066209862 0.698094056197386 0.846357790901982 0.859232630943731 0.977658172986071 0.825471637244301 0.795671251878489 1.00352536252687 0.803278346584798 0.880992221467947 0.905661405930878 1.08338075047225 0.797522519270935 0.963580749977473 0.905654971854522 0.89222045888023 0.824736834650462 0.950093670552067 0.83323016769726 0.81434003043309 0.905062293223654 0.972483648790181 0.99325302461873 0.78100797484999 0.746832272537114 0.826511649003758 0.821143597715153 0.875350640811859 0.821496089651537 0.950916986851281 0.906238671557763 1.12800638738457 0.782856943621162 0.944563570298041 1.04109015667041 0.788240749167571 1.27205684914679 0.781349148816279 0.949400103271838 0.830653190314428 0.848176342340381 0.932488262726498 0.91253313305217 0.979172021017292 0.837936508260547 0.870347093631334 0.907056464323575 1.0464347630942 1.02596173800312 0.7886707327593 1.26560068289155 0.755308012429933 0.89865903365967 0.913666571546651 0.774763049177538 0.922220535780386 1.32070072351812 0.867412628538781 0.797764118857446
"DNS_Berthold" 0.847964238733259 0.958621502853258 1.00474254562705 0.791029734636323 0 0.919787129459035 0.864566950811505 0.979459437128373 0.83777973938064 0.932907162590943 1.08849267742492 0.935813947765805 0.919466213622923 1.04103732936043 0.920028017819318 1.08070224402788 1.21585280170537 1.08578038338056 0.906165071366604 1.0031969886988 0.92630563041887 0.807763462569588 0.912404943416751 0.926846450066832 0.952837778615466 1.05844707669632 0.903830737842317 1.06091768389786 0.753186548621492 0.89268793920041 0.946450880686405 1.04951721861334 0.840710829057556 0.827836716230466 1.01638231937399 0.814267931105952 0.946213277644661 0.961800269642677 1.08694621669126 0.905162022566198 0.97543011937367 0.895713833696393 0.985807242625155 0.85598872871034 0.998882743386418 0.967974332654983 0.940199497071365 0.931368906750225 1.08831789276807 0.996955119943331 0.806185923135879 0.843984144635338 0.857565318380801 0.842100940649026 0.948039074528182 0.852534560984459 0.995955986925007 0.90248385808907 1.22573254701917 0.802269267141459 0.996939353674413 1.05059545557987 0.861660800525589 1.3211703881337 0.866613295827575 0.870760752005071 0.86888997281301 0.932913251354966 0.960681128998292 0.989452002518818 0.991824510702657 0.91987110873228 0.975456075393803 0.971043410797976 1.0175604106009 1.13185246522113 0.915229004512158 1.35020486130245 0.812545887529954 0.91051415006714 0.831977876906792 0.837159759693335 0.970335119722838 1.32451510947657 0.914596649236492 0.865741773950875
"DNS_Brentano" 0.97329651416867 1.07151186248697 1.01443262838454 0.942112565177078 0.919787129459035 0 1.037069741391 1.05260186166303 1.0693444729868 1.14158730784419 1.15670245422816 1.09241820611782 1.02266507551361 1.21369662646347 1.01273664133617 1.18482565410857 1.34304115718563 1.21463420103547 1.03826855275811 1.10067148031108 1.02416064886044 1.08344895684313 1.04542106692813 1.08910645917672 1.07828624243114 1.17200276247668 0.980098954712284 1.13303005099054 0.944654984745044 1.00347699043989 1.00527489066257 1.09855947307417 0.982279694527126 0.92475790754472 1.06392032668788 1.04405327059339 1.07719690180971 1.11032359170784 1.12209265796141 0.980746132498488 1.11735894746631 1.00028833268241 1.10218630257032 0.979428783302922 1.14667423138143 1.06888688966876 1.04117261548423 0.997941364031348 1.18573346351767 1.1781480882969 0.932884854997309 1.02156773314463 1.00627541586172 0.998066561576352 0.980408332484059 1.02402801864547 1.07729364671444 1.06851789240224 1.27644913943319 0.982191958587106 1.12432018083029 1.10061485691599 0.96918748476944 1.34678630008219 1.00798776564702 1.02592512873553 1.00560649497958 1.0114999562571 1.06716633340109 1.10017587470087 1.12416760771885 1.0019962002319 1.02000446554643 1.04824947392878 1.09073796997882 1.20531920078977 1.01886955573307 1.3013041554463 0.997278927629234 1.07659433090499 1.0797231980076 1.03987423901598 1.09250950368998 1.39655109695834 0.990840596559967 1.00708447486757
"DNS_Chamisso" 0.874126506627049 0.903406215240907 1.02564661914164 0.867248943296245 0.864566950811505 1.037069741391 0 1.05239122156885 0.959552969298706 1.07262052448452 0.946671810927571 0.952565121389356 0.975199579792436 1.15678766891102 1.01944950882551 1.035310070906 1.25044893474675 1.13621672527007 0.938663618585075 1.10444806995091 0.944170991881531 0.950819877873033 0.961211150272527 1.03129201108766 0.943816989985498 1.04913725375023 0.958210475522626 0.991116114049556 0.848853493955698 0.982603272961374 0.935579250754015 1.04010598966177 0.933553481363022 0.813934421897939 0.948734541836057 0.920409482828425 0.927925894725473 0.915909699356652 1.08902044639048 0.995737282405501 1.05360672727471 0.978549532090652 0.928212925473646 0.943064819995629 0.981209819360963 0.895225788713182 0.883302111561115 0.931282874646055 1.01180602794922 1.04195320343595 0.927216274241974 0.926911872407376 0.833323554233273 0.903800463037272 0.863615390617962 0.928023782415183 0.967156500811001 1.02709293759093 1.25560865768309 0.848369388762006 0.938374847975561 1.0985125837704 0.867402394283506 1.31269384723903 0.937080833790903 0.911298943338992 0.848553341756702 0.949994928162593 0.913725221762237 0.97486657463609 1.03033101336242 0.916897445907728 0.939070302056314 0.969117099484545 1.1078407269909 1.03665858238425 0.905847154756557 1.20964283116411 0.922629233254959 1.03179917063164 0.997269789052186 0.822187426904366 1.09594941550696 1.37398962069785 0.99322975803616 0.899016182481642
"DNS_Dincklage" 0.919764028211116 1.00899426366226 1.08618795805742 0.954803138017743 0.979459437128373 1.05260186166303 1.05239122156885 0 0.98664484450765 1.11929965752759 1.09746629378044 1.01060864457732 0.991427925514675 1.16672460654464 1.00026240602036 1.15960537278794 1.26339446354122 1.15425322527426 0.985792091903095 1.10987884586431 1.00537012124062 1.04586070911235 0.968120490536849 1.02172484752431 1.01869806960541 1.10366414414728 0.984191775387053 1.03559022845872 0.885380740158147 1.02844269438678 1.01706008767102 0.987397942830931 0.92658320970078 0.929968737015362 1.0570028970564 0.918587174642533 1.00507588427447 0.997761518135104 1.128438869581 0.948643952064792 1.06434780497625 1.03373115586692 1.03073686044768 0.93532783844209 1.10529990096518 1.01500401121409 0.989475808795307 0.970438739270916 1.07965158334868 1.1099051707337 0.948326289578395 0.953584270470746 0.940129861490516 0.900797793862171 0.981416138529371 0.965012618230496 0.979163508400481 1.05162462792632 1.21774265005508 0.929288091054538 1.02037566938271 1.06954604416906 0.941543712748073 1.27229557076602 0.949079103159382 1.0476712202135 0.930773207669071 0.944409236084204 0.949375602139201 1.02381609018098 1.08029199842225 0.912158999603996 0.997543394316408 1.02051742256328 1.09376431458574 1.11972669250372 0.963338524000705 1.23976241096753 0.99742662968372 1.01238299385218 1.0489379190721 0.970881393224873 1.06992150188273 1.31874681804221 0.959829980059784 0.955741094619601
"DNS_Droste" 0.918260786398611 1.00814034396166 1.07679073744311 0.852878330118633 0.83777973938064 1.0693444729868 0.959552969298706 0.98664484450765 0 1.01924912911091 1.06736494082925 0.953350868806377 0.977909002980433 1.10353133334244 0.977046918627121 1.12459991066054 1.27528460967146 1.1031585665597 0.939750471069071 1.10215798853514 0.937989340496533 0.938109575146706 0.995827830971952 0.942826459079972 0.976577219215963 1.0514743252533 0.969905243988821 1.03345518027244 0.807584405718455 0.923201445410505 0.974278723835777 1.02295971347493 0.965066103916024 0.900156520733667 1.08459512598456 0.858418251876266 0.922398187561681 0.985363940606781 1.10486372032096 0.930428414034303 1.01773129599709 0.977539374786522 0.959254470191438 0.931207580977047 1.00449058696027 0.93738464218281 0.99555523260988 1.01720267699896 1.08875170802499 1.01790566899714 0.853740715840589 0.931968831348003 0.867849872417469 0.884701937559298 0.964419037751337 0.868806407418733 0.972097642757607 0.969151620943712 1.21430844630295 0.877587525604343 0.997475801153045 1.08483604099972 0.956859617316124 1.30034364206853 0.930856348005179 0.959042029139068 0.888145944767119 0.964574039366965 0.984058341053333 0.975633489105044 1.01350752522243 0.972950662180453 1.00816383717351 1.04316908008739 1.07772338477729 1.11790852310097 0.896303330794522 1.28536126349039 0.918585481545233 0.967572561778386 0.976721892154535 0.902114793051355 1.02159671232026 1.31477542197909 0.956056639291993 0.911794405337812
"DNS_Eichendorff" 1.02655932736537 1.09401355793507 1.10495368319834 0.974170726000858 0.932907162590943 1.14158730784419 1.07262052448452 1.11929965752759 1.01924912911091 0 1.20327671290298 1.07425756466988 1.12994149740374 1.10573735141231 1.15658800188862 1.21235677511415 1.30771592158132 1.08939028394309 1.05651756221629 1.28268321901478 1.04742242696754 1.06058487113098 1.11617930137622 0.959090725929009 1.05991702746364 1.16216500490689 1.00058969687152 1.19543412994288 0.932933626953853 1.09810859298722 1.05056712094921 1.17549391167993 1.10195635671293 1.0241736539451 1.19498317927405 1.01148829308796 0.984942528083885 1.07183688781436 1.17289784146309 1.15297864112592 1.05615648321907 1.07312411257683 1.13670905554063 0.995092455678723 1.07816770135332 1.05766766301879 1.17501695229119 1.18936424208148 1.2015444123449 1.06218562798779 0.994588942912682 1.11321739174063 0.941459236330044 1.0200628008678 1.03413450492262 0.957728619169207 0.988255461720669 1.0626904134039 1.28181912042782 1.00688010776693 1.13705837866127 1.10194384234432 1.09161196106433 1.20169826904478 1.06320809606944 1.11251065428653 1.04025500311053 1.13957422673405 1.07014809533627 1.10803167403168 1.05251137916051 1.05255699198155 1.13171804919251 1.09939087156721 1.08678848936834 1.281456641974 1.01626812087425 1.3112161018363 1.04554581173871 0.950701996106182 0.998888339058831 1.10988728863536 1.13479918096367 1.46497284909128 1.12973655766307 1.09921919318108
"DNS_Ense" 0.932065156352907 0.900483673847247 1.05223073606028 0.978696355966822 1.08849267742492 1.15670245422816 0.946671810927571 1.09746629378044 1.06736494082925 1.20327671290298 0 1.03867987390498 1.04566365350764 1.30153935310723 1.07230530549261 0.974318942430785 1.39621121735391 1.27488658201118 0.957384927277337 1.08597611011545 1.00215935831189 1.06104362019653 0.966784694712476 1.11111754011018 1.00825169872322 1.03623596042359 1.05826532322881 0.994109704616307 0.999745570681311 1.09267481049485 0.994236477745893 0.990164476619701 1.00124294097772 0.881027897081451 0.88099228384077 1.01344436919677 1.05992081462082 0.850457890987036 1.15485763322998 1.10622065695765 1.10101620469638 1.09539096481047 0.953015880280276 1.05776321747374 0.97088603866588 0.887860592966196 0.853488170271682 0.952845235664426 0.97338185184923 1.11934718855529 1.02690672578642 0.970475282674126 0.902535525733713 1.01054783930582 0.9027707494748 1.08031486439422 1.08584347982818 1.22391467427851 1.23708508699661 0.896185768467512 0.966782925257351 1.18528134026809 0.977834516266891 1.40839571890148 0.991024595771201 0.94064735812907 0.919726973961589 1.07911365866452 0.960772053254255 0.970668470312678 1.08364119182057 0.968828314109722 0.895117004735807 0.971079570717801 1.24943913964072 0.996334827591086 0.945726655532852 1.2034143508805 1.0600820655857 1.19948037157953 1.16646707033364 0.931729181945433 1.14490485039823 1.32229120826784 1.04261304593342 0.952218245171544
"DNS_Frey" 0.842997812309223 0.925521385758472 1.04243863351017 0.842773072289312 0.935813947765805 1.09241820611782 0.952565121389356 1.01060864457732 0.953350868806377 1.07425756466988 1.03867987390498 0 0.942487492870647 1.09495188098281 0.990733380144332 1.16119690443759 1.2993274160744 1.12154994686422 0.94722466556857 1.11527072317539 0.969642904202687 1.00515280092756 0.939042760966359 0.992958624842438 0.885981259167573 1.06327384504289 0.930280047880919 0.988572364220252 0.849139701687344 1.0176140942627 0.868887388889429 1.05054082874294 0.887284310209418 0.850582841313983 1.00175053740064 0.913768076381118 0.952955558145684 0.968302692938941 1.08482315538066 0.890044318873216 1.04439234835368 1.00896864713483 0.880470978627236 0.929103528762778 0.972179098668898 0.873753271916952 0.958259894777874 0.971410147561333 0.971875367542433 1.00616768974622 0.828834070883311 0.912424486722239 0.875241263994176 0.905282953541419 0.852800691387801 0.897652035912525 0.961523798339478 1.05350832586366 1.21807328990085 0.903652753297768 0.937430337497627 1.14254236664755 0.933299170060257 1.3062906556198 0.885675930730517 0.975705143519981 0.853173742384951 0.947657197069259 0.919364513490568 0.997587122261787 1.00808646346333 0.885643117695575 0.914902308382273 0.976375948336831 1.09172871444619 1.05354815412644 0.837465079571034 1.25555016812872 0.954216129489238 1.00828456267441 1.02505773782064 0.861586947433645 1.07213986722146 1.41978819524929 0.979347792237905 0.880634105034224
"DNS_Gall" 0.902968777519688 0.958768311435559 0.994635872422468 0.877157822772141 0.919466213622923 1.02266507551361 0.975199579792436 0.991427925514675 0.977909002980433 1.12994149740374 1.04566365350764 0.942487492870647 0 1.17283916467644 0.960924659210887 1.13316154419577 1.31789065780434 1.18590152651416 0.970212394445132 1.09296013447037 1.00356554550799 0.990401257556501 0.910189633854471 0.978790818507593 0.945546239006785 1.03668044683257 0.960332381086888 1.01138038168701 0.872893991846001 0.991024496207215 0.952101717369915 1.00729971725691 0.901229151676084 0.865584314144997 1.03218370786898 0.934387601433247 0.963103392960688 0.973092654382094 1.11734327234258 0.96737271449512 1.07361506601731 1.05568083756751 0.959742581526976 0.955854183314529 1.04863674202935 0.924860324147527 0.921216333740586 0.945297837007555 0.964867990571428 1.09357988527943 0.915040848382528 0.9592968997514 0.926390160214937 0.925270894602957 0.877443242032919 0.935005210261425 1.01846361553914 1.06270342433465 1.25081538449303 0.894815654408251 0.990167798656317 1.08529136119392 0.877050567544833 1.29600146560011 0.949045677796189 0.956019105270001 0.820321792054938 0.921945784468668 0.947260346777122 1.0008943649833 1.04347602304747 0.912199740798199 0.945446087237586 1.00292523543289 1.10193681421945 1.0809222936926 0.914205830335854 1.21992572316716 0.936941439427984 1.05462345060075 1.05464604043272 0.839833329051537 1.03613814077754 1.3951075803647 0.936094862262493 0.883798187463835
"DNS_Gerstaecker" 1.09206259194967 1.19406010862076 1.26368108493009 1.0675082604176 1.04103732936043 1.21369662646347 1.15678766891102 1.16672460654464 1.10353133334244 1.10573735141231 1.30153935310723 1.09495188098281 1.17283916467644 0 1.16000233661087 1.29157995826033 1.42862012813045 1.2543542829514 1.18521174931646 1.3532506104906 1.13601276403617 1.10883159850747 1.14739528760018 1.07947873128979 1.20088731224232 1.26745282417226 1.10707528118854 1.25182548811092 0.993004926468689 1.11136800588056 1.15932730618143 1.18873131514904 1.09258665865011 1.10517892905105 1.2437103479541 1.07348210126545 1.11766908276991 1.17281662754442 1.31507405658308 1.13662858595759 1.21555537934663 1.18214087200521 1.17608217855748 1.10468180176101 1.24086043401852 1.16538896438395 1.21888555974828 1.2036975549884 1.26710337110686 1.22131375145908 1.06947582498424 1.10627115351095 1.08156942500376 1.07273801318156 1.12837795868707 1.04659277168724 1.17865182481018 1.17191213576306 1.39998084843959 1.05731823719932 1.22151900729159 1.2233011639898 1.1302895275488 1.42421728210654 1.08530512439475 1.16796296569729 1.13510136026873 1.1743725536774 1.18869659032751 1.17756862024234 1.16004861845301 1.09039019011932 1.15590783052683 1.2274109859398 1.19506905018021 1.32188890813624 1.11605060870629 1.44508132086889 1.07363602176057 1.0730982964696 1.1052713401914 1.08360055658969 1.22026872005246 1.46101244198682 1.15873757573285 1.15737061914371
"DNS_Gluemer" 0.906823796876236 1.05222124264784 1.0544707592614 0.853374984909422 0.920028017819318 1.01273664133617 1.01944950882551 1.00026240602036 0.977046918627121 1.15658800188862 1.07230530549261 0.990733380144332 0.960924659210887 1.16000233661087 0 1.1605294646366 1.28157777787714 1.17620718026626 0.96593633550782 1.04836627633999 1.01730502515108 0.96953146914805 0.932969628126077 1.08162371928999 1.02283069467225 1.12611459648681 0.993923992749562 1.12425187596976 0.82568180022049 0.933032264724551 1.00320524796358 1.06633459680952 0.870198758667628 0.934888777809206 1.05945170843005 0.951589326170326 1.01429607816955 1.05013055984885 1.16424120699023 0.892056212124217 1.07118512012505 0.987259341682126 1.02461577286456 0.945615445497231 1.12855267957487 0.999156898485593 0.947628779138155 0.964330302183948 1.08844848015409 1.07916813842765 0.914704391929971 0.854687767335209 0.97374826292006 0.881600202085189 1.00852443602791 0.981542632834637 1.06975541623904 1.01796868885573 1.2333482325024 0.924105736732832 1.08165183727059 1.05404633324673 0.920943073611499 1.37532771567465 0.847958764652742 1.01244126531431 0.945769390618208 0.914904690222746 1.03734642096566 1.07580695058633 1.05918350700721 0.905128258477475 0.973260858005515 1.04584348919605 1.13308483083699 1.15202054102162 0.90773492283851 1.30597418534229 0.88525600694484 1.02781158812944 0.999015404780561 0.914275721275038 1.01931512259473 1.35168179411182 0.998606849848029 0.918892872348049
"DNS_Goethe" 1.05285081294045 1.02288115888022 1.11739870677511 1.07175876016886 1.08070224402788 1.18482565410857 1.035310070906 1.15960537278794 1.12459991066054 1.21235677511415 0.974318942430785 1.16119690443759 1.13316154419577 1.29157995826033 1.1605294646366 0 1.40193437967311 1.2845150561468 1.06928454562154 1.20619515319797 1.0363104892882 1.12197474034521 1.03481666800158 1.15740452673513 1.11506020708892 1.11301449325232 1.07004023147938 1.10417131439516 1.06608150647012 1.116995017271 1.09801420215971 1.11700308966076 1.09666046348388 0.972678717765861 1.05138757112489 1.02907524305482 1.17302730442784 1.0371621663094 1.23933365942627 1.22023705500619 1.14040037306385 1.12253974714752 1.05778150586333 1.11940156713684 1.11275187978179 1.05797113876226 1.04325808350342 1.10756761770265 1.11616125634251 1.26369400858464 1.07172741712969 1.0588790545887 0.949758087349781 1.07872970766662 1.04224718723126 1.11190409645713 1.16024739411726 1.21894466609746 1.29580501089112 0.974350877845252 1.11929537297231 1.23060933424203 1.08089548570596 1.43599285577756 1.07694543381799 0.993906259570159 1.04488912464507 1.13387493470033 1.10641899823612 1.08531996139932 1.14852175084695 1.07682342320027 1.02083477916757 1.01060679129627 1.23805713903742 1.14426130019476 1.10006117035271 1.29705530235838 1.0802782500874 1.20882527006409 1.17997072982007 1.09806826919916 1.18349874625511 1.36424629359438 1.10200632496332 1.01518285923263
"DNS_Goldammer_Hochzeitsnacht" 1.23863249541806 1.32572869898837 1.31575323876184 1.21348681624118 1.21585280170537 1.34304115718563 1.25044893474675 1.26339446354122 1.27528460967146 1.30771592158132 1.39621121735391 1.2993274160744 1.31789065780434 1.42862012813045 1.28157777787714 1.40193437967311 0 1.20295484148404 1.26770630319044 1.39281375578891 1.27695388316001 1.26829584849068 1.34772634808157 1.28227641252504 1.21456042132035 1.41780855756479 1.26835953672501 1.34323204944987 1.19242544648025 1.28678512248242 1.28805157277625 1.29549446341967 1.25059351859174 1.25147973464491 1.3363331537692 1.23215911606049 1.27889448345399 1.34711633494975 1.36817204504991 1.28962609909563 1.36419817772287 1.3226003477996 1.28807304195346 1.20070053512879 1.3275382049583 1.27733554385888 1.33310604076229 1.29800815348284 1.33382908735468 1.25015670152997 1.25868996390612 1.2436079825934 1.23744863719366 1.24708054410167 1.28211273726912 1.23698341395437 1.29163875753939 1.25080761161686 1.4665874099351 1.21112212381835 1.32505078334396 1.35865452807528 1.27428601946431 1.34653889455328 1.22150619468001 1.35796504745579 1.22309930190247 1.24812298115644 1.2510095762728 1.34258597734121 1.29103024297855 1.25670952799498 1.29535084881475 1.35923081626701 1.35410309701536 1.41958708982861 1.22605567985147 1.37736126041733 1.28235520237762 1.30197800408534 1.24451391807776 1.24877887422304 1.3138923921152 1.49525258280599 1.32363348042331 1.29907848717556
"DNS_Goldammer_Wiedersehen" 1.06354147488103 1.1241349277632 1.16622449078102 1.07681656364832 1.08578038338056 1.21463420103547 1.13621672527007 1.15425322527426 1.1031585665597 1.08939028394309 1.27488658201118 1.12154994686422 1.18590152651416 1.2543542829514 1.17620718026626 1.2845150561468 1.20295484148404 0 1.10341198560888 1.2973253768023 1.18060155879791 1.16136668106384 1.19084209645651 1.0896362906613 1.101390806694 1.19019745587364 1.09187058493274 1.17095701717875 1.03518386332229 1.13966992656045 1.12323622073145 1.13134941653488 1.1442465587051 1.07664206847896 1.22076140007018 1.06103923592925 1.06242813476103 1.1431123346456 1.23059637756588 1.14262259118632 1.16350265583222 1.11930565663921 1.15255936384041 1.05552347070461 1.06963276500694 1.08347604676841 1.18231358032394 1.15255587926369 1.2295583934122 1.16351920140024 1.07940864141179 1.09381517350961 1.03262247487369 1.09138582050499 1.09178782817981 1.01390323516677 1.08742653922667 1.12207538165428 1.30340960446807 1.04919939482171 1.13368528351502 1.18376579494336 1.10744265351467 1.25571495831757 1.12210893451085 1.19265855683251 1.07498309578255 1.12691387581048 1.07176556099659 1.15512687730167 1.14689459969145 1.09577632178932 1.16039396074095 1.13427602902118 1.14368544159273 1.28790310674628 1.04350737761477 1.27214133889049 1.09320301426997 1.11519857969815 1.10970704232485 1.14695826608261 1.16222332588766 1.41634581929438 1.16082228560557 1.15761904614072
"DNS_Gotthelf_Kurt" 0.802560842660952 0.940134674286868 0.966246763796808 0.792003742497779 0.906165071366604 1.03826855275811 0.938663618585075 0.985792091903095 0.939750471069071 1.05651756221629 0.957384927277337 0.94722466556857 0.970212394445132 1.18521174931646 0.96593633550782 1.06928454562154 1.26770630319044 1.10341198560888 0 0.841571781144551 0.935972348246421 0.969837854764738 0.91952988038696 0.986340242261378 0.948131417448975 1.02001806468522 0.942315186159081 0.933864597907151 0.813475579026625 0.918183722056352 0.965410737327038 0.953421662561231 0.894232080616565 0.87282079814314 0.995972433448597 0.779674260176142 0.932402569282791 0.895087433609589 1.09691442764264 0.932943658286579 0.939842975028871 0.956954639558406 0.964203543775649 0.904945922767692 0.954833926108512 0.831212484845597 0.906247400648258 0.946654822377688 0.976347975963511 0.985581997341224 0.867318647813516 0.867264383687246 0.822892737002546 0.878287097180545 0.866890341699213 0.897899367277451 0.916056538440378 1.04612711634424 1.07164965374712 0.863600637911959 0.949437712916577 1.06462187874866 0.838707146067396 1.27386264309973 0.871735879934316 0.988002746440449 0.845760833081421 0.966306849769533 0.968796497022295 0.879226478819548 1.04989286610199 0.942546906733391 0.894533014847631 0.930403706184739 1.12430629954285 1.10847180304938 0.796974506094365 1.22668374516572 0.898417539763841 0.957161570584187 1.05633130795164 0.893125916456069 0.97875811714125 1.36580834877006 0.887952499881608 0.8448025626683
"DNS_Gotthelf_Notar" 0.995776201266639 1.10814505291494 1.14112376892673 0.984617241373765 1.0031969886988 1.10067148031108 1.10444806995091 1.10987884586431 1.10215798853514 1.28268321901478 1.08597611011545 1.11527072317539 1.09296013447037 1.3532506104906 1.04836627633999 1.20619515319797 1.39281375578891 1.2973253768023 0.841571781144551 0 1.14682138044271 1.0832340970174 1.01656055918487 1.15863673696952 1.14454774561024 1.22407364671178 1.09140995607886 1.1137667549296 1.01840989477637 1.05153078794801 1.11891936884593 1.09248141015784 0.973561241950379 0.988360752556473 1.08211406986622 0.999418342544571 1.17079458675122 1.12738963206949 1.2927630276546 1.04453505584169 1.12409945321511 1.07752337801885 1.12236729652046 1.04602431263102 1.21058215346195 1.08905070744406 1.02939742178202 1.03250737359284 1.16800899653206 1.18993773684781 1.02412320582774 0.977659580574443 1.04875888101239 1.05251245103073 1.08006621708516 1.10658012307747 1.17246883491178 1.17718698012279 1.24450013378901 1.07136312958644 1.15942407156027 1.14017872363836 0.992371733553871 1.45323141487478 1.01152598602542 1.10170243418918 1.04047311920028 1.0722628919222 1.1488703998548 1.09182369004653 1.23437192878323 1.0831687667018 1.0475111936243 1.05052495797209 1.24112367036058 1.19208667878676 1.03974972125017 1.41656964029547 1.05455317880181 1.15245586494242 1.1853969815527 1.04899412197642 1.09076473470212 1.37206306101828 1.01675380489499 0.979197470401103
"DNS_Grillparzer" 0.946384877932996 0.971595873334406 1.0409210317302 0.899134007320264 0.92630563041887 1.02416064886044 0.944170991881531 1.00537012124062 0.937989340496533 1.04742242696754 1.00215935831189 0.969642904202687 1.00356554550799 1.13601276403617 1.01730502515108 1.0363104892882 1.27695388316001 1.18060155879791 0.935972348246421 1.14682138044271 0 0.986731813948231 0.954785021360503 1.0363976466773 0.927861987347065 1.04719576535432 0.986655468654272 1.05269380037324 0.87945777744228 0.971419409884269 0.985860573521734 1.03712002139008 0.964628568596057 0.877907739360546 1.00069254661677 0.950185657606929 0.966368209775199 0.952381270222504 1.10897766150837 1.00639724033152 1.03403702756162 1.04747388454961 1.0053846866223 0.936843824709367 1.02994979872532 0.912022404573219 0.984999328288268 1.03025243401915 1.03358166307858 1.07446632965044 0.893342261014147 0.96005045789404 0.846899810565732 0.966742060939865 0.913387683475829 0.93944739396026 1.01321257310574 1.05805173535722 1.19292405520477 0.871322229382266 1.01774862142688 1.09904653725256 0.982201069964602 1.2736332592171 0.952586081484461 0.927386373146067 0.946642615133349 1.01950486188259 0.994274665778474 0.945523150698624 0.966882343479875 0.995214753979144 0.976425385797232 0.99682938274808 1.12199730439076 1.13895654650122 0.905825049307735 1.20254362426547 0.947083837152318 1.03099688106599 1.0149053584147 0.945244066282894 1.05677047699834 1.31953172230964 0.987633025656836 0.951222351679776
"DNS_Grimm" 0.92460025568655 0.979293815583594 1.09267578615082 0.864595483865122 0.807763462569588 1.08344895684313 0.950819877873033 1.04586070911235 0.938109575146706 1.06058487113098 1.06104362019653 1.00515280092756 0.990401257556501 1.10883159850747 0.96953146914805 1.12197474034521 1.26829584849068 1.16136668106384 0.969837854764738 1.0832340970174 0.986731813948231 0 0.926154258171379 1.02543462942114 1.01738297436828 1.10360534282932 0.98995538393483 1.1263913226984 0.854556124219585 0.958604060638108 1.02896274818695 1.07678058444691 0.921442845802791 0.887144591334678 1.01548488595759 0.896965519946168 0.971420128439219 0.970020595091785 1.12683563619674 0.993252933218089 1.0834887562702 0.988654258625482 1.00304723786101 0.988349219289352 1.06816736513103 0.98946885063725 0.934128120356416 0.973211541773769 1.09920367310073 1.0518538756606 0.900777982026941 0.926155650464187 0.908421548232553 0.913675907706818 0.986794860251737 0.947616131291293 1.08000698045185 1.00986708243872 1.28019781987376 0.860567864114738 1.06398239702246 1.05598847714815 0.932775949208734 1.351071555847 0.909643613493845 0.940648661463582 0.895450489629365 1.03421586869952 1.00684806730162 0.974912733217177 1.02384702959033 0.980217303100552 1.00104289628972 1.03412298681413 1.15007752887363 1.06120601463927 0.984355300901787 1.33579679819588 0.919380527278204 0.999628803729067 0.881307989235971 0.802834059915587 1.08101239945951 1.34445694593539 1.00377152778303 0.914641766397662
"DNS_Grosse" 0.859048331988348 0.873418138441287 1.05926290432663 0.844970394906573 0.912404943416751 1.04542106692813 0.961211150272527 0.968120490536849 0.995827830971952 1.11617930137622 0.966784694712476 0.939042760966359 0.910189633854471 1.14739528760018 0.932969628126077 1.03481666800158 1.34772634808157 1.19084209645651 0.91952988038696 1.01656055918487 0.954785021360503 0.926154258171379 0 1.03218649409968 0.954851281767466 1.0649955825475 0.932214180703715 1.00385558574155 0.842847950309126 0.969834464214239 0.958951462845247 1.0097714748226 0.885619841288137 0.783060296434682 0.944956808949623 0.894274326762731 1.02367411819034 0.930183678184964 1.15870006061931 0.872599158911998 1.04406738971508 1.00844822228718 0.95841251082221 0.910247225793269 1.05366955767475 0.919949580495595 0.888586810383188 0.882942795904141 0.982943942029476 1.1097009480448 0.870462318732451 0.865895791295433 0.84439351376678 0.898884224357537 0.887772288614176 0.98272880110403 1.04147401773211 1.09310929371538 1.24598655197725 0.824298204238454 1.02422685438217 1.00426941871643 0.900317312838329 1.39055953472789 0.855406921329884 0.904163580861924 0.867596262354056 0.944949775448375 0.934417701484116 0.968414994014155 1.01769726891761 0.861697877154895 0.823372536326484 0.824231857970256 1.11930597212998 1.01328023190354 0.895638825863346 1.29812158818187 0.928704443287432 1.01654822664319 0.970540435789463 0.889642424845655 1.10218722736112 1.31254529333792 0.913144969879484 0.819307310981726
"DNS_Hacklaender" 0.921085986050844 0.974923346766565 1.07844923764362 0.961433286957586 0.926846450066832 1.08910645917672 1.03129201108766 1.02172484752431 0.942826459079972 0.959090725929009 1.11111754011018 0.992958624842438 0.978790818507593 1.07947873128979 1.08162371928999 1.15740452673513 1.28227641252504 1.0896362906613 0.986340242261378 1.15863673696952 1.0363976466773 1.02543462942114 1.03218649409968 0 0.990553095506784 1.06755698864874 0.962575506049233 1.03267169120723 0.897653770694652 1.02115636010146 0.988215434312118 1.06802974284577 0.998930347322801 0.941403546243516 1.10763966289578 0.89695040978011 0.98246646299583 0.993866645556223 1.08072946667644 1.06450526844802 1.01278469047356 1.06379954040657 1.01750066407532 0.965680284690947 0.983874806112999 0.944472575585365 1.06235475109265 1.0842009334199 1.099287978909 1.02499945130611 0.908138117526583 0.997838001775902 0.886467194522555 0.909798706442347 0.947477757461299 0.904635143807438 0.964771577743772 1.07665700991682 1.27414328553849 0.925442087578738 1.01887069090208 1.10139108545641 1.01271854230806 1.22623584967803 0.989325479547323 1.00396099952377 0.924457305066953 1.0394456508612 0.96308921875858 0.999328112720019 0.992435919083497 0.936457706810956 0.999232067473864 1.02338956296467 1.03794452005977 1.15523359157613 0.931969418322296 1.21242500446697 0.982736795667375 0.991738187645564 1.00133365608559 0.993741551351844 1.13351863893952 1.36263108095005 1.01363075059032 1.00102927953573
"DNS_Halm" 0.903052343112258 0.912498417649625 0.961498824433968 0.905119786691834 0.952837778615466 1.07828624243114 0.943816989985498 1.01869806960541 0.976577219215963 1.05991702746364 1.00825169872322 0.885981259167573 0.945546239006785 1.20088731224232 1.02283069467225 1.11506020708892 1.21456042132035 1.101390806694 0.948131417448975 1.14454774561024 0.927861987347065 1.01738297436828 0.954851281767466 0.990553095506784 0 1.02923450463513 1.02808568975854 0.927719633290104 0.889057085436993 1.06216545952717 0.880810018758756 1.03157600133938 0.937439033182407 0.880502844900854 1.00157151921298 0.949488211825118 0.885109342005876 0.925954154175537 0.946512111512824 1.00829018472388 1.05621408803927 1.05688979218885 0.927155566685555 0.945919865446314 0.89056134168499 0.827217741679307 0.985040780912703 1.01657544395368 0.960311638674749 1.00399073563923 0.873890771589211 0.966309310991374 0.902070505594018 0.943290086049604 0.808242162510453 0.942442425612494 0.937386479457997 1.06213831705548 1.15029112526626 0.911973441288551 0.908784872162737 1.18534643372011 0.951615325518262 1.23092523517288 0.964066746208051 0.967661737929343 0.844847996778689 0.9532683231511 0.940600379937111 0.951398212268449 1.00426507612178 0.952157054505743 0.947926634978613 1.03227163234557 1.09349752650641 1.07050547897832 0.854274309239933 1.14774490608931 0.975644798641143 1.05627205481531 1.05352068821139 0.908911239843053 1.08239610275744 1.43027527358131 0.9665702186804 0.952792710089019
