"" "NSdA_About" "NSdA_Alarcon" "NSdA_Anonym_Jungfrau" "NSdA_Anynom_Urtheil" "NSdA_Balzac_Blutrache" "NSdA_Balzac_Capitaen" "NSdA_Barilli" "NSdA_Bernhard" "NSdA_Beyle_San_Francisco" "NSdA_Beyle_Vanina" "NSdA_Bjoernson" "NSdA_Blicher" "NSdA_Broughton" "NSdA_Caballero_Schweigen" "NSdA_Caballero_Servil" "NSdA_Cremer" "NSdA_Dickens" "NSdA_Etlar" "NSdA_Feuillet" "NSdA_Gobineau" "NSdA_Goldschmidt" "NSdA_Hahn" "NSdA_Harte_Glueck" "NSdA_Harte_Kunde" "NSdA_Irving" "NSdA_Jokai_Gattin" "NSdA_Jokai_Unterhaltung" "NSdA_Korzenowski" "NSdA_Mascheroni" "NSdA_Merimee_Colomba" "NSdA_Merimee_Lokis" "NSdA_Moreau" "NSdA_Musset" "NSdA_Nemec" "NSdA_Nerval" "NSdA_Nodier" "NSdA_Ongaro_Montenegrinerin" "NSdA_Ongaro_Tauben" "NSdA_Ouida" "NSdA_Pissemski" "NSdA_Poe" "NSdA_Puschkin_Pique" "NSdA_Puschkin_Schuss" "NSdA_Reybaud_Advocat" "NSdA_Reybaud_Fraeulein" "NSdA_Reybaud_Theobald" "NSdA_Sand" "NSdA_Thackeray" "NSdA_Tolstoy" "NSdA_Turgenjeff_Faust" "NSdA_Turgenjeff_Liebe" "NSdA_Ulbach_Aerzte" "NSdA_Ulbach_Unschuld" "NSdA_Viale" "NSdA_Vigny" "NSdA_Wetterbergh" "NSdA_Winther"
"NSdA_About" 0 1.28309249772893 1.10511028746713 1.02821159495154 0.857905375230616 0.821558871028485 0.93690877751056 0.841110659867031 1.09734432778584 0.946149404728521 1.07782480613802 1.13127459559977 1.02260177313723 1.01569308589127 0.935106271322516 1.05976434387942 0.857206278556283 1.09548739375828 0.884861699023428 0.883744001051793 0.944231868559546 0.911962483378118 1.11955839359534 1.09222124989543 0.978943570143389 1.02156956608687 1.23013678274489 0.993594023923995 0.811235823428928 0.745095588839531 0.866518834350488 1.20404705245066 0.888060984393828 0.976227191168467 0.926324236027746 0.989192962203702 0.90439029804439 0.844582259219565 1.05167015490658 0.994568912661622 1.03089976605498 1.01131837409245 1.12489095195304 0.939279192387485 0.841330975650852 1.01372839309686 0.919092806769218 0.734356016502071 0.99881319489402 0.942475495956558 0.949186701220745 0.86431971576847 0.858974909533202 1.0510604052537 0.916484946213357 0.872837922928182 0.990107530078353
"NSdA_Alarcon" 1.28309249772893 0 1.3641539228438 1.30397985697441 1.26306387008524 1.28862312708675 1.24980441638482 1.32463905771593 1.34656944475556 1.26061308389687 1.36364211088472 1.30347976202662 1.310642739567 1.22797347227131 1.18392967970137 1.41714062138228 1.23624844963823 1.39563351967124 1.33511235404858 1.29128949551996 1.33004745210917 1.30002752276995 1.33870279265647 1.31894758609326 1.34605975283096 1.29497248801734 1.35993112091899 1.35528198808746 1.29835961536835 1.22749598192652 1.3220909035195 1.3653247348664 1.24825444492218 1.27298117456627 1.2786781935457 1.32695337082417 1.30457011434027 1.3394394859067 1.26407614767462 1.30359506668765 1.34353894071282 1.32266373862708 1.33041247587319 1.29431287478814 1.28336325842661 1.32365580031853 1.30715831013283 1.24511416151715 1.35261100252482 1.27132535419749 1.32382851805803 1.28389364132847 1.32250561425975 1.27468765012279 1.26623256487507 1.32244901520365 1.3279703326677
"NSdA_Anonym_Jungfrau" 1.10511028746713 1.3641539228438 0 1.12924427063531 0.998976835943412 1.01366985261726 1.23026181611298 1.03386256846125 1.19922273530484 1.13585088523972 1.21512453922952 1.14783653974535 1.14785018487669 1.13930593192412 1.1020843776897 1.25941476824341 1.10928253286082 1.20147165917723 1.06640541964726 1.11550336760463 1.21390823482065 0.992825036372723 1.1149917658129 1.07939025938999 0.948066544424428 1.16697294001192 1.36109378958409 1.09888414869306 1.10193762806866 0.978686626544951 1.03161697365471 1.3309560994051 1.09658493379923 1.17603489261334 1.01083931911077 1.1122861259797 1.08247514603379 1.01432817761086 1.03870633159496 1.25715454179547 1.08181860994034 1.1251836698694 1.1953481819204 1.13955794986343 1.0020026570855 1.20873396717689 1.19180920451451 0.968438393678765 1.14767937563907 1.11356616071356 1.07248016759451 1.10247608299046 1.08174805379796 1.13063866349804 1.07517109285106 1.07877338838972 1.10475532249033
"NSdA_Anynom_Urtheil" 1.02821159495154 1.30397985697441 1.12924427063531 0 1.02402876989104 0.964357023434135 1.074144622903 1.03285055063167 1.23619839068141 1.11542416057389 1.14966558128248 1.18408006266153 1.0853776772706 1.1238604316294 1.02913920649275 1.1294400771016 0.998140721181678 1.16716708455278 1.05592302828652 1.07406287820457 1.10685998882721 1.04886139147247 1.07075197746566 1.07396988410216 0.997131812893818 1.1321405054719 1.24086841515936 1.11823664779097 0.968963812435271 0.947065182018237 0.96830627360843 1.32067349127442 1.04595155373386 1.10240454697985 0.98850263914662 1.09514731428672 1.05428772587756 1.03828280920245 1.10681832261145 1.09610674215668 1.02699933050395 1.11152385515876 1.19373560725803 1.061165043179 0.979202553548677 1.16502421266839 1.08604804398819 0.882474418162348 1.11669231846046 1.07672370409068 1.06564607595398 1.04993584965969 1.04402591519807 1.1530488883437 1.01945377707365 1.08842625729262 1.1032947497749
"NSdA_Balzac_Blutrache" 0.857905375230616 1.26306387008524 0.998976835943412 1.02402876989104 0 0.737020868245174 0.997355208833741 0.733300433723394 0.956494937543137 0.842511546669474 0.981427794467936 1.02515632842831 1.0294445486085 0.913902864214322 0.86496737464169 1.10026483376266 0.803669725761841 0.997759894508726 0.759933287914841 0.858351268606232 1.04392874198411 0.689702585273746 1.01616454776618 0.880389903543729 0.795828756242584 0.954724604984331 1.21010340656425 0.829232228109085 0.816837165454217 0.620115059035921 0.860604464025087 1.18365143364582 0.811816621228086 0.973433404572393 0.90966706958028 0.93843014268939 0.869247444720617 0.743002661106303 0.887952683935251 1.07790201268776 0.967709504156337 0.886319724422978 1.081764175941 0.800236221026234 0.682897867514609 0.907681580388635 0.92374778695288 0.800961505129289 0.922660429845057 0.868295834624119 0.821462312459646 0.750165066852462 0.768772779927653 0.954619873902008 0.891814216338311 0.813787217745517 0.85013185050874
"NSdA_Balzac_Capitaen" 0.821558871028485 1.28862312708675 1.01366985261726 0.964357023434135 0.737020868245174 0 0.930757597868051 0.787589405452641 0.996169949014709 0.895372739546131 1.07913571201132 1.11326522612235 0.958172963805683 0.921734642107148 0.866856089631487 1.05108577555854 0.846832141605372 1.06078593672398 0.747338954737296 0.856549131570307 0.9534468306982 0.793202379691537 1.02037632095279 0.955964367150091 0.848049417824117 0.98573110906642 1.20377739676805 0.932717958391701 0.763647361441811 0.720362536591667 0.790166019493756 1.17902355891105 0.85963840033845 0.998851781540798 0.855630508690207 0.870169699975517 0.859218783127781 0.780754672112203 0.870523344426513 1.03575174399625 0.926958315756446 0.953356291879842 1.05994640881327 0.867634456860401 0.770041318882686 0.947529070388402 0.930988519010708 0.703778519409319 0.91587053860483 0.910600308374724 0.900076550692469 0.791627111962151 0.779774144987937 0.960900868199445 0.878130979563913 0.824636468595418 0.911536265320026
"NSdA_Barilli" 0.93690877751056 1.24980441638482 1.23026181611298 1.074144622903 0.997355208833741 0.930757597868051 0 0.978634565687723 1.20549407737727 1.04431870672983 1.11647239794064 1.22026349739235 1.05877956973456 1.10169327291667 0.933333435807143 1.11068821139158 0.91264269876845 1.15884537361334 0.942709725993188 1.01290647004827 1.0279109762688 1.03466947693171 1.26067057804545 1.13443198120966 1.14263569044928 1.10673945523251 1.25985327088581 1.0935659852643 0.879938818672655 0.850276208506939 1.01771701271445 1.26802596947319 0.920538600431725 1.01445677248856 1.056714691447 1.0531524099435 0.965169063121903 0.972528387533121 1.14083641690597 0.977490392280993 1.16453040162484 1.12189346374767 1.24193081499583 0.984546832002131 0.892109181127286 1.07778632837644 0.904895674180669 0.912079894349861 1.07975599629755 0.958607748452063 1.03411477829034 0.894441454647525 0.933226042290967 1.08173236627211 1.00526429942249 1.00049025062155 1.04330872706809
"NSdA_Bernhard" 0.841110659867031 1.32463905771593 1.03386256846125 1.03285055063167 0.733300433723394 0.787589405452641 0.978634565687723 0 1.04036297995382 0.909082486236057 0.934794585106025 1.00985047673003 0.973584241922818 0.966246841486829 0.883246418602656 1.12491914645063 0.744930416247471 0.994573275573441 0.816787002512404 0.886527787135608 0.96398795138195 0.792936198219828 1.07488920160351 0.988340579954305 0.871218905967252 0.993498202022051 1.21538158209849 0.900472832199375 0.861908846287096 0.728720966769917 0.878388586325316 1.22891332448666 0.885995153489873 0.938393258090476 0.956829856800262 0.959181165174796 0.895478870946998 0.788099796694213 0.996326674648471 1.04801584847542 1.03573212166423 0.920138738594071 1.13475216053564 0.854008873586954 0.743948813228754 0.937261415536753 0.919489505721425 0.750359161063709 0.866235101035871 0.84784383681087 0.828179083851983 0.799825235874257 0.819033423492238 1.0218211017302 0.901425167550622 0.777661175743554 0.873660812290927
"NSdA_Beyle_San_Francisco" 1.09734432778584 1.34656944475556 1.19922273530484 1.23619839068141 0.956494937543137 0.996169949014709 1.20549407737727 1.04036297995382 0 0.938944147932449 1.25914428097431 1.22504892984751 1.2311409892826 1.15390685353383 1.16353798135149 1.30078426171665 1.06494668105309 1.22268866487225 1.01518937591506 1.04315052030591 1.17380942834717 0.999442159214534 1.14483680780478 1.17220410680694 1.07141499658517 1.16115942888357 1.33378177544783 1.12951540215982 1.0636372215207 1.02185216231677 1.10622247486904 1.25618537641807 1.093338780439 1.19283810382001 1.10536338518616 1.11198312208972 1.11488083611665 1.02644571711283 1.10457547812802 1.29213820668748 1.17395663927039 1.10768012990036 1.226601740657 1.07895194809409 1.00235405177795 1.16275519388296 1.21661603715738 1.0562067570761 1.16557550246694 1.13829741860733 1.10171087465247 1.03971515482452 1.02303302740465 1.14893989778326 1.11867886129482 1.11540715491516 1.12291378025113
"NSdA_Beyle_Vanina" 0.946149404728521 1.26061308389687 1.13585088523972 1.11542416057389 0.842511546669474 0.895372739546131 1.04431870672983 0.909082486236057 0.938944147932449 0 1.1372409355593 1.15254944556176 1.10721338637408 1.03403729390582 0.984138115859435 1.20306650786616 0.911171775973078 1.15502653384375 0.902225061791395 0.926553711897876 1.0744094522971 0.875736861124361 1.15645407184674 1.0614090264953 0.998651232067211 1.04596317385105 1.21841562030424 1.00194819049886 0.943463831030943 0.839817694737462 0.997268179940913 1.2381892852757 0.978007063486711 1.0695492047833 1.00460267559672 1.01924332341716 1.01121041417853 0.879822556171919 1.02162182503191 1.14975404545766 1.10862651898424 0.971105563888656 1.14222097328459 0.936203281836077 0.863475304703132 0.948676398818522 1.05134667272862 0.908061733644575 1.06288186582565 1.01393036576821 0.945912206811234 0.866118313128377 0.897853159344256 1.05587729184659 1.00728595811098 0.983945829110554 1.02434420528184
"NSdA_Bjoernson" 1.07782480613802 1.36364211088472 1.21512453922952 1.14966558128248 0.981427794467936 1.07913571201132 1.11647239794064 0.934794585106025 1.25914428097431 1.1372409355593 0 1.07658291488754 1.06669053239939 1.19112669820022 0.971245257649917 1.15756518426893 0.876586911712378 1.05767881206009 1.01110626588617 1.10497713592989 1.12613877485316 1.00118355131452 1.23647672002122 1.09621284611987 1.02293349591253 1.07044324100301 1.28670424304091 1.09020572176114 1.07727718460411 0.867676275768664 1.05227954393357 1.34754459934811 1.0204243132505 0.914722229608668 1.15370324970784 1.22118919566879 1.07799217790651 1.02328708156265 1.10839763818432 1.04888266131806 1.17862668328319 1.06459341750582 1.28187200534099 1.02329926151375 0.910906124339769 1.15581529719912 0.957805528386806 0.980284131974463 0.974652088566547 0.985374745614472 0.90835406304689 1.01631207187538 1.03290908905716 1.18299662689645 0.963213930480799 0.84787837662374 1.00905449765599
"NSdA_Blicher" 1.13127459559977 1.30347976202662 1.14783653974535 1.18408006266153 1.02515632842831 1.11326522612235 1.22026349739235 1.00985047673003 1.22504892984751 1.15254944556176 1.07658291488754 0 1.21698574045811 1.14959817921926 1.0861087687092 1.29079189679176 1.05149615549572 1.17544135633 1.13569728356166 1.13130746732976 1.19408309340806 1.02708214773494 1.17666345918963 1.02721199809418 1.02703126560628 1.11173572186296 1.31086655270077 1.13743748623361 1.13818390443176 1.02869963763066 1.12899025394432 1.2866110339139 1.13074322700309 1.06562823597857 1.14410537990331 1.19742855322351 1.12338795856615 1.03192557216934 1.11061438911808 1.22196881820045 1.16866741734224 1.1139879265675 1.25211681295306 1.07071644253939 1.00968430000562 1.16091621964623 1.15226548547099 1.06635637060933 1.1567662384377 1.13111180632981 1.0667283155124 1.12782483863202 1.14926002217367 1.14827579350335 1.10159050005995 1.08014366194038 1.07522575019864
"NSdA_Broughton" 1.02260177313723 1.310642739567 1.14785018487669 1.0853776772706 1.0294445486085 0.958172963805683 1.05877956973456 0.973584241922818 1.2311409892826 1.10721338637408 1.06669053239939 1.21698574045811 0 1.16981827880433 1.05247651378964 1.18566750759125 0.931505605288765 1.15488531459312 0.99621711107153 1.04512329951909 1.11598239363872 1.01399428729277 1.1484128296902 1.07814395141246 1.02166895772968 1.09711392756271 1.28221118945324 1.08563464399447 1.03003958217388 0.938714917977929 1.00687628068469 1.28839784665137 1.05377360987479 1.06317007537796 1.04107764931569 1.09157183729922 1.07024961061259 1.04705421407847 1.07724677427354 1.06258927386354 1.11655895678237 1.10289633392377 1.1870417172324 1.02024320759962 0.961707991940832 1.13691196172221 1.05652215904123 0.870925933318231 0.973672744086638 0.950261238380035 0.972442466310171 1.00867737224109 1.07166148512693 1.13632170044379 0.914555835757853 0.985016689321743 1.07507119545931
"NSdA_Caballero_Schweigen" 1.01569308589127 1.22797347227131 1.13930593192412 1.1238604316294 0.913902864214322 0.921734642107148 1.10169327291667 0.966246841486829 1.15390685353383 1.03403729390582 1.19112669820022 1.14959817921926 1.16981827880433 0 0.960347693795399 1.18951129037862 0.972188788708579 1.20183633379673 1.01770152412985 0.981663416390872 1.10220622941726 0.978120010369895 1.13930163175263 1.08717763501551 0.97786627938226 1.11039081691434 1.33318691404428 1.09489593431361 0.999754889895802 0.949595329307324 1.07804522404589 1.28128262602376 1.03449128006076 1.09109891858851 1.06610299186136 1.08347112140361 1.02933507382247 0.929070391139543 1.06011528168367 1.17621267004287 1.10091234010093 1.11026344286037 1.22981310988641 1.014609978867 0.932467054126335 1.12834285961401 1.09031536695057 0.962568200621534 1.15774636874409 1.05747000902214 1.08586742950442 0.982223978682056 1.0067028536603 1.07728575452248 1.08956429783494 0.971731239559007 1.05349124578729
"NSdA_Caballero_Servil" 0.935106271322516 1.18392967970137 1.1020843776897 1.02913920649275 0.86496737464169 0.866856089631487 0.933333435807143 0.883246418602656 1.16353798135149 0.984138115859435 0.971245257649917 1.0861087687092 1.05247651378964 0.960347693795399 0 1.06905903275828 0.798376459382961 1.11924185977632 0.91476626292012 0.958669766568089 1.00465410095044 0.930830105071046 1.13723884780494 1.00707789536559 0.966049173193454 1.00799048103152 1.18689873812247 1.04344394388502 0.880301341563559 0.734859402447584 0.905098501856353 1.19114999660867 0.862719163133246 0.891699627639121 0.979612467788328 1.04882136609223 0.957896210566016 0.895688552833067 1.05251240915055 0.939107185277623 1.06045892757312 1.00347559384313 1.17238129191331 0.930362298504139 0.827792445496655 1.07999881349531 0.841637292061282 0.813112423517544 1.04130956259142 0.94158065097423 0.948268200241212 0.87222096147592 0.918105757788924 1.03814580608813 0.919956257816103 0.851601507548935 0.922212657313449
"NSdA_Cremer" 1.05976434387942 1.41714062138228 1.25941476824341 1.1294400771016 1.10026483376266 1.05108577555854 1.11068821139158 1.12491914645063 1.30078426171665 1.20306650786616 1.15756518426893 1.29079189679176 1.18566750759125 1.18951129037862 1.06905903275828 0 1.04445432753613 1.24005502297029 1.07510130644997 1.12486145276346 1.09931264337522 1.15193916850809 1.26664354896997 1.13486739302446 1.17196971176467 1.21309851096857 1.28489472896025 1.20974461890131 1.00718270546933 0.954438427679489 1.0426702296419 1.35093287216462 1.02740256910001 1.09817188878333 1.13408150577439 1.17169405365926 1.11585228334824 1.11836124272459 1.25209564226561 1.06025012191877 1.14159298076686 1.21652379954961 1.30513552284754 1.12485986861639 1.05612876996594 1.28909645583151 1.04089352689176 0.966629119273195 1.2260446892976 1.12857286989652 1.1607490300915 1.11483071946541 1.10793721477688 1.23996135197706 1.14754172170458 1.10311372607948 1.17385709483303
"NSdA_Dickens" 0.857206278556283 1.23624844963823 1.10928253286082 0.998140721181678 0.803669725761841 0.846832141605372 0.91264269876845 0.744930416247471 1.06494668105309 0.911171775973078 0.876586911712378 1.05149615549572 0.931505605288765 0.972188788708579 0.798376459382961 1.04445432753613 0 1.03484458814971 0.809103128227839 0.857721681632809 0.938141068149239 0.848932075209832 1.06157352228102 0.9334592963874 0.899597581536286 0.992469946365334 1.1501247968667 0.943029239058832 0.842362799223407 0.707083705340609 0.892086850055381 1.18836415298311 0.854828715106051 0.861593238522345 0.998708575953964 0.991646563640536 0.904521144841737 0.838606157191052 0.962078674029795 0.933375375883944 1.02433251413841 0.975462928501895 1.16221808006555 0.877462540662384 0.763725125205586 0.982306595412242 0.749306215774 0.756399664804975 0.889983320945527 0.822964931734519 0.83183299870065 0.797616438054977 0.818685085577224 1.01891185294577 0.839838773929055 0.773137381969006 0.875748280236439
"NSdA_Etlar" 1.09548739375828 1.39563351967124 1.20147165917723 1.16716708455278 0.997759894508726 1.06078593672398 1.15884537361334 0.994573275573441 1.22268866487225 1.15502653384375 1.05767881206009 1.17544135633 1.15488531459312 1.20183633379673 1.11924185977632 1.24005502297029 1.03484458814971 0 1.0265458466579 1.06936141045604 1.16744863682446 1.03022758418871 1.24092229079513 1.13293931624771 1.06191091950898 1.13635164668983 1.35739149650565 1.10585695056014 1.09157313480723 0.965058140069026 1.0514126012279 1.35146988061118 1.08780918521116 1.09468671191667 1.09881074137759 1.18444735495965 1.11704643709752 1.03693559262952 1.16688463688194 1.19515677732991 1.18290835489748 1.07995509464887 1.29026710739148 1.01583409885823 0.960165215997488 1.12842893029758 1.17126042966258 1.01972395763665 1.10948034323882 1.09503127407621 1.02111331282383 1.09564751565423 1.09008323346444 1.25068363936627 1.10349649383413 1.05239294271405 1.04483653592949
"NSdA_Feuillet" 0.884861699023428 1.33511235404858 1.06640541964726 1.05592302828652 0.759933287914841 0.747338954737296 0.942709725993188 0.816787002512404 1.01518937591506 0.902225061791395 1.01110626588617 1.13569728356166 0.99621711107153 1.01770152412985 0.91476626292012 1.07510130644997 0.809103128227839 1.0265458466579 0 0.864682899489406 1.00836213961698 0.801733390648511 1.09643982353631 0.978441192909794 0.92886295445213 1.02056954420054 1.23464059649675 0.89427425313458 0.818897053256433 0.720446310815097 0.862303155139169 1.24167903004279 0.854720266034656 1.00888408300225 0.961735722615974 0.932349010138496 0.929935190915269 0.793114587647375 1.02179573821428 1.04133224908414 1.01764307036206 0.962177493469908 1.13485330980263 0.886506544163972 0.726855721541382 0.976621468208405 0.920708788753406 0.823217191822594 0.918626323739022 0.873447051934132 0.86396054469645 0.727854746013134 0.772124098061979 1.00266451953417 0.92506269275617 0.857367392336545 0.912914463092392
"NSdA_Gobineau" 0.883744001051793 1.29128949551996 1.11550336760463 1.07406287820457 0.858351268606232 0.856549131570307 1.01290647004827 0.886527787135608 1.04315052030591 0.926553711897876 1.10497713592989 1.13130746732976 1.04512329951909 0.981663416390872 0.958669766568089 1.12486145276346 0.857721681632809 1.06936141045604 0.864682899489406 0 0.994906350216137 0.926562991910774 1.12515216852376 1.00189571745169 0.966833486584611 1.03283602158037 1.25359774441759 0.994433286658035 0.83576145701408 0.8009784766459 0.934636668848407 1.25505004928786 0.914369496546943 1.02892144728653 0.982507526439236 0.995325414528755 0.992661198635618 0.902359931034412 1.02270007671823 1.07205367089341 1.02194389027904 0.993686152714669 1.1261536939617 0.933292655908035 0.851685589647499 1.04273965348317 1.01987583862927 0.830132554023761 1.04254885894638 0.948596942484978 0.958541474780343 0.868368280517363 0.899432095140188 1.04735016451538 0.972036887531055 0.912876737398744 1.00874722566052
"NSdA_Goldschmidt" 0.944231868559546 1.33004745210917 1.21390823482065 1.10685998882721 1.04392874198411 0.9534468306982 1.0279109762688 0.96398795138195 1.17380942834717 1.0744094522971 1.12613877485316 1.19408309340806 1.11598239363872 1.10220622941726 1.00465410095044 1.09931264337522 0.938141068149239 1.16744863682446 1.00836213961698 0.994906350216137 0 1.04025102635029 1.13964059528384 1.10781106411636 1.03681237524451 1.14735241580569 1.28159155278885 1.16575818834393 0.914148751041376 0.903925010142277 1.01422861099523 1.33307968953491 1.01351608134878 1.02520263757688 1.08286257427553 1.08419973120321 0.986270140315579 0.983491348927949 1.12234338997036 1.00621187716169 1.11571111125273 1.12415738917188 1.23225110261695 1.05255713351395 0.984362553922365 1.19100837373007 0.977423653601061 0.905771938714174 1.08036070470751 1.05278384277848 1.08666440741039 0.989541892348637 0.988839178445835 1.06648078957197 1.03843367149695 0.98761320916353 1.09121028360676
"NSdA_Hahn" 0.911962483378118 1.30002752276995 0.992825036372723 1.04886139147247 0.689702585273746 0.793202379691537 1.03466947693171 0.792936198219828 0.999442159214534 0.875736861124361 1.00118355131452 1.02708214773494 1.01399428729277 0.978120010369895 0.930830105071046 1.15193916850809 0.848932075209832 1.03022758418871 0.801733390648511 0.926562991910774 1.04025102635029 0 1.05405600625436 0.907905567295517 0.824043112952532 0.953766685042111 1.2540275489085 0.916433991499859 0.907410491608139 0.754698742801846 0.908381115223855 1.22806846682268 0.911961869195257 0.956654627067343 0.955981092163571 0.953430439289913 0.905126296995605 0.766258662956273 0.899975474980591 1.08130574561928 1.03606488327478 0.855500882352735 1.0826631622993 0.825216192691974 0.785279442802961 0.929444663094888 0.989535488595781 0.860641712488697 0.862640457289707 0.844547396494082 0.796422756272861 0.808366516499362 0.815644153413123 0.951261183819205 0.946021906260159 0.844302837577768 0.887641005907431
"NSdA_Harte_Glueck" 1.11955839359534 1.33870279265647 1.1149917658129 1.07075197746566 1.01616454776618 1.02037632095279 1.26067057804545 1.07488920160351 1.14483680780478 1.15645407184674 1.23647672002122 1.17666345918963 1.1484128296902 1.13930163175263 1.13723884780494 1.26664354896997 1.06157352228102 1.24092229079513 1.09643982353631 1.12515216852376 1.13964059528384 1.05405600625436 0 1.02642423038304 0.904799547928747 1.15330702997118 1.27681052433422 1.17090126729205 1.01867303311024 0.986577960869012 1.03413129525987 1.23336551388574 1.11696304426598 1.1657291871372 1.04390612090165 1.14585980155585 1.10347933443577 1.02182569385743 1.00305733136305 1.26904495242438 1.03218248787111 1.12286844148709 1.17481967864901 1.11245279251274 1.03366809053113 1.22921568691533 1.20644339131734 0.975165820697701 1.21223684176386 1.20222795994406 1.13587285654497 1.12853065370927 1.0980938022656 1.16633236394965 1.12318792634786 1.09699162933318 1.11254760872226
"NSdA_Harte_Kunde" 1.09222124989543 1.31894758609326 1.07939025938999 1.07396988410216 0.880389903543729 0.955964367150091 1.13443198120966 0.988340579954305 1.17220410680694 1.0614090264953 1.09621284611987 1.02721199809418 1.07814395141246 1.08717763501551 1.00707789536559 1.13486739302446 0.9334592963874 1.13293931624771 0.978441192909794 1.00189571745169 1.10781106411636 0.907905567295517 1.02642423038304 0 0.848253564666084 1.03008703776064 1.2419585148724 1.02622640523196 0.938077100734855 0.838063521003765 0.959172511603851 1.23118756538892 0.95223114219587 1.09068793202649 0.996624283231979 1.03905481956459 1.06023535517685 0.935565958776603 0.904119235653325 1.15162510334663 1.01428561313768 1.0290731938383 1.16086701071782 0.973984232557514 0.861596541788229 1.13606499644279 1.05803240541223 0.967040686299593 1.08895907371683 1.00796096811698 1.0084560859849 0.980887420832715 1.02178168776144 1.07144494545131 1.03450708262606 1.01515963674292 0.973727193007362
"NSdA_Irving" 0.978943570143389 1.34605975283096 0.948066544424428 0.997131812893818 0.795828756242584 0.848049417824117 1.14263569044928 0.871218905967252 1.07141499658517 0.998651232067211 1.02293349591253 1.02703126560628 1.02166895772968 0.97786627938226 0.966049173193454 1.17196971176467 0.899597581536286 1.06191091950898 0.92886295445213 0.966833486584611 1.03681237524451 0.824043112952532 0.904799547928747 0.848253564666084 0 1.0426320649463 1.28395694485197 0.960084809382487 0.877760576232638 0.813086276926461 0.875816573700943 1.21989485225206 0.981760094119918 1.0329969241331 0.884692267475336 1.04511492464845 0.95939713729569 0.806191943089175 0.825526125314331 1.13764087781963 0.893559421573645 0.951804455825554 1.13625056383886 0.906680020899348 0.808261069505318 1.10197886272722 1.06747781626233 0.843353452127139 0.998752746356846 0.987829312432108 0.938021036558438 0.918610166114764 0.966465012734346 1.01174491244532 0.963268681702312 0.923405789438424 0.912363179388152
"NSdA_Jokai_Gattin" 1.02156956608687 1.29497248801734 1.16697294001192 1.1321405054719 0.954724604984331 0.98573110906642 1.10673945523251 0.993498202022051 1.16115942888357 1.04596317385105 1.07044324100301 1.11173572186296 1.09711392756271 1.11039081691434 1.00799048103152 1.21309851096857 0.992469946365334 1.13635164668983 1.02056954420054 1.03283602158037 1.14735241580569 0.953766685042111 1.15330702997118 1.03008703776064 1.0426320649463 0 1.22681636223418 1.04846245246901 0.985236899489361 0.882999299774517 1.02284183254123 1.299532175756 1.00814319648067 1.03861106861739 1.00763409821775 1.08998767437587 1.02374048436987 0.977747097870615 1.04550324655727 1.12389263854929 1.1002665712655 1.09611592745608 1.21558960554942 0.967072492313996 0.941697190962631 1.12322130610525 1.05363464221983 0.980920862408963 1.09637404696556 1.03483055435306 1.00533661154604 0.964768076544794 1.04422485133508 1.10174731846881 1.01935634697528 1.02291780049107 1.03478597048877
"NSdA_Jokai_Unterhaltung" 1.23013678274489 1.35993112091899 1.36109378958409 1.24086841515936 1.21010340656425 1.20377739676805 1.25985327088581 1.21538158209849 1.33378177544783 1.21841562030424 1.28670424304091 1.31086655270077 1.28221118945324 1.33318691404428 1.18689873812247 1.28489472896025 1.1501247968667 1.35739149650565 1.23464059649675 1.25359774441759 1.28159155278885 1.2540275489085 1.27681052433422 1.2419585148724 1.28395694485197 1.22681636223418 0 1.25040072098206 1.24107130087611 1.13679200689236 1.19858817256 1.36245958808937 1.19735059855599 1.20016313676263 1.26746388774017 1.3014896993244 1.25644908649476 1.21359636997698 1.29132495466836 1.26997662779475 1.33981486658189 1.24167836974683 1.32069075091259 1.2186851750426 1.17759110011683 1.3294910083523 1.241760040823 1.15017369805596 1.32494857749861 1.25777221817816 1.21937362709581 1.22970339449596 1.2264744758266 1.34962419937444 1.21295773002398 1.25028350697449 1.23196357673519
"NSdA_Korzenowski" 0.993594023923995 1.35528198808746 1.09888414869306 1.11823664779097 0.829232228109085 0.932717958391701 1.0935659852643 0.900472832199375 1.12951540215982 1.00194819049886 1.09020572176114 1.13743748623361 1.08563464399447 1.09489593431361 1.04344394388502 1.20974461890131 0.943029239058832 1.10585695056014 0.89427425313458 0.994433286658035 1.16575818834393 0.916433991499859 1.17090126729205 1.02622640523196 0.960084809382487 1.04846245246901 1.25040072098206 0 0.986623407219125 0.875020268458573 1.00287095480993 1.32171126713544 1.00913440614442 1.11004837944689 1.02434379104881 1.06261710428084 1.03495799918975 0.887728586050503 1.0621946311348 1.16011315526306 1.10022501689843 1.00944686083301 1.11562652414689 0.95567633520673 0.845372238278906 1.01752488179112 1.10963829395982 0.898214788021426 0.989576095678389 0.944494408237359 0.910784218406524 0.90664323392353 0.949302352172413 1.08255401751589 0.996377021570612 0.970985836284269 0.959970373194434
"NSdA_Mascheroni" 0.811235823428928 1.29835961536835 1.10193762806866 0.968963812435271 0.816837165454217 0.763647361441811 0.879938818672655 0.861908846287096 1.0636372215207 0.943463831030943 1.07727718460411 1.13818390443176 1.03003958217388 0.999754889895802 0.880301341563559 1.00718270546933 0.842362799223407 1.09157313480723 0.818897053256433 0.83576145701408 0.914148751041376 0.907410491608139 1.01867303311024 0.938077100734855 0.877760576232638 0.985236899489361 1.24107130087611 0.986623407219125 0 0.718325607234338 0.850341012816772 1.22109031244179 0.823753221491419 0.98728969912416 0.873263489454149 0.925222599981824 0.848308547470972 0.81923062222393 0.960557610537157 0.958387249890766 0.905446166668986 1.02571097856716 1.14388058930441 0.875352326341399 0.813176131977151 1.09224807019216 0.915449735018319 0.773652965822923 0.995793895818416 0.951487628650701 0.958291709307968 0.800116503170802 0.80973194379514 0.985910610138245 0.962451404220765 0.878819876757878 0.937672735774121
"NSdA_Merimee_Colomba" 0.745095588839531 1.22749598192652 0.978686626544951 0.947065182018237 0.620115059035921 0.720362536591667 0.850276208506939 0.728720966769917 1.02185216231677 0.839817694737462 0.867676275768664 1.02869963763066 0.938714917977929 0.949595329307324 0.734859402447584 0.954438427679489 0.707083705340609 0.965058140069026 0.720446310815097 0.8009784766459 0.903925010142277 0.754698742801846 0.986577960869012 0.838063521003765 0.813086276926461 0.882999299774517 1.13679200689236 0.875020268458573 0.718325607234338 0 0.736949903713855 1.17704318386598 0.67905035949079 0.83760817639405 0.829528657604967 0.905495247652251 0.777855123054133 0.725233839126617 0.926864227566579 0.90512214483572 0.922006818580957 0.903283065967737 1.0751019854039 0.751778833648016 0.636814225554927 0.935684250104828 0.734334545643984 0.675170608515729 0.908967159454962 0.826587313934355 0.792354535574841 0.726385589699378 0.762079703310393 0.930826502289937 0.826488507582479 0.756175340462296 0.836592480572915
"NSdA_Merimee_Lokis" 0.866518834350488 1.3220909035195 1.03161697365471 0.96830627360843 0.860604464025087 0.790166019493756 1.01771701271445 0.878388586325316 1.10622247486904 0.997268179940913 1.05227954393357 1.12899025394432 1.00687628068469 1.07804522404589 0.905098501856353 1.0426702296419 0.892086850055381 1.0514126012279 0.862303155139169 0.934636668848407 1.01422861099523 0.908381115223855 1.03413129525987 0.959172511603851 0.875816573700943 1.02284183254123 1.19858817256 1.00287095480993 0.850341012816772 0.736949903713855 0 1.23394742059739 0.903224115547953 0.993495057807851 0.872902344027266 0.994505463704823 0.948446821531211 0.872330187120904 0.966918430360783 1.02213206888459 0.904403956614156 0.978648559454698 1.06258150193291 0.917805267373062 0.785448133940159 1.03187269198215 0.982215262276235 0.735401379056963 0.993124213740214 0.942240413213639 0.89497114454846 0.880850472718791 0.903294449414618 1.04179705245317 0.872539637751594 0.930959801302505 0.945084435453443
"NSdA_Moreau" 1.20404705245066 1.3653247348664 1.3309560994051 1.32067349127442 1.18365143364582 1.17902355891105 1.26802596947319 1.22891332448666 1.25618537641807 1.2381892852757 1.34754459934811 1.2866110339139 1.28839784665137 1.28128262602376 1.19114999660867 1.35093287216462 1.18836415298311 1.35146988061118 1.24167903004279 1.25505004928786 1.33307968953491 1.22806846682268 1.23336551388574 1.23118756538892 1.21989485225206 1.299532175756 1.36245958808937 1.32171126713544 1.22109031244179 1.17704318386598 1.23394742059739 0 1.21617762631984 1.26929575139505 1.20272238314789 1.24976983140693 1.26906885002623 1.22713314447033 1.24536062572465 1.32464274395967 1.32289503112093 1.29930343024801 1.38984812561421 1.24722573427423 1.17961036756375 1.35103572149573 1.27184667830909 1.1987380753305 1.3764160979221 1.28859871017026 1.27309527392259 1.22321966155572 1.24279393061142 1.32085503705232 1.23255469252113 1.1853228699481 1.23836133518126
"NSdA_Musset" 0.888060984393828 1.24825444492218 1.09658493379923 1.04595155373386 0.811816621228086 0.85963840033845 0.920538600431725 0.885995153489873 1.093338780439 0.978007063486711 1.0204243132505 1.13074322700309 1.05377360987479 1.03449128006076 0.862719163133246 1.02740256910001 0.854828715106051 1.08780918521116 0.854720266034656 0.914369496546943 1.01351608134878 0.911961869195257 1.11696304426598 0.95223114219587 0.981760094119918 1.00814319648067 1.19735059855599 1.00913440614442 0.823753221491419 0.67905035949079 0.903224115547953 1.21617762631984 0 0.986972711388449 0.947515276257885 1.02673651365307 0.944123127230996 0.901553556446723 0.994979326514098 1.00708745843895 1.01293385162278 1.02874170221375 1.16228227532865 0.925554414807528 0.803989368150511 1.06607771833248 0.867699577893321 0.856789931499634 1.02851851341154 0.929315926519916 0.936988815198831 0.834346551027375 0.877600987466819 1.07922113891257 0.988543701947109 0.883815044435844 0.94921905287113
"NSdA_Nemec" 0.976227191168467 1.27298117456627 1.17603489261334 1.10240454697985 0.973433404572393 0.998851781540798 1.01445677248856 0.938393258090476 1.19283810382001 1.0695492047833 0.914722229608668 1.06562823597857 1.06317007537796 1.09109891858851 0.891699627639121 1.09817188878333 0.861593238522345 1.09468671191667 1.00888408300225 1.02892144728653 1.02520263757688 0.956654627067343 1.1657291871372 1.09068793202649 1.0329969241331 1.03861106861739 1.20016313676263 1.11004837944689 0.98728969912416 0.83760817639405 0.993495057807851 1.26929575139505 0.986972711388449 0 1.04218015868355 1.14134674949631 0.9935418730081 0.969874381752285 1.10841028124785 0.931199813172427 1.15250277443623 1.07169379684485 1.20639832636714 1.00290112657926 0.905313194828523 1.14529508409179 0.894849085353625 0.905620570308617 1.03736716374237 0.984027329710049 0.951281296044556 1.00487089035833 1.00361961721604 1.11726095728844 0.950230527599084 0.929933133384647 1.04360008070084
"NSdA_Nerval" 0.926324236027746 1.2786781935457 1.01083931911077 0.98850263914662 0.90966706958028 0.855630508690207 1.056714691447 0.956829856800262 1.10536338518616 1.00460267559672 1.15370324970784 1.14410537990331 1.04107764931569 1.06610299186136 0.979612467788328 1.13408150577439 0.998708575953964 1.09881074137759 0.961735722615974 0.982507526439236 1.08286257427553 0.955981092163571 1.04390612090165 0.996624283231979 0.884692267475336 1.00763409821775 1.26746388774017 1.02434379104881 0.873263489454149 0.829528657604967 0.872902344027266 1.20272238314789 0.947515276257885 1.04218015868355 0 1.02719520579012 0.93689235254106 0.941179780340832 0.969001083552345 1.13661614316483 0.945835353041676 1.09424566871795 1.1302790857035 0.947875635534228 0.875369270692916 1.09866564729493 1.06469786214893 0.824538321054897 1.10158973542039 1.0334616355339 1.02583479225519 0.955540915562162 0.983951446491128 1.0414263979186 0.992578646672886 1.00198580976586 1.02282111540882
"NSdA_Nodier" 0.989192962203702 1.32695337082417 1.1122861259797 1.09514731428672 0.93843014268939 0.870169699975517 1.0531524099435 0.959181165174796 1.11198312208972 1.01924332341716 1.22118919566879 1.19742855322351 1.09157183729922 1.08347112140361 1.04882136609223 1.17169405365926 0.991646563640536 1.18444735495965 0.932349010138496 0.995325414528755 1.08419973120321 0.953430439289913 1.14585980155585 1.03905481956459 1.04511492464845 1.08998767437587 1.3014896993244 1.06261710428084 0.925222599981824 0.905495247652251 0.994505463704823 1.24976983140693 1.02673651365307 1.14134674949631 1.02719520579012 0 1.00055286160467 0.940364211775047 1.06569670431229 1.12582744663353 1.11191602419509 1.1154093487904 1.18868776691584 1.02357983629213 0.924640961196724 1.09819213232383 1.04796075459399 0.948593104049256 1.10299389648969 1.03407925111774 1.06408561346413 0.930987360345895 0.954933632487984 1.01764915515693 1.06302699878385 1.02600716558409 1.04772297167811
"NSdA_Ongaro_Montenegrinerin" 0.90439029804439 1.30457011434027 1.08247514603379 1.05428772587756 0.869247444720617 0.859218783127781 0.965169063121903 0.895478870946998 1.11488083611665 1.01121041417853 1.07799217790651 1.12338795856615 1.07024961061259 1.02933507382247 0.957896210566016 1.11585228334824 0.904521144841737 1.11704643709752 0.929935190915269 0.992661198635618 0.986270140315579 0.905126296995605 1.10347933443577 1.06023535517685 0.95939713729569 1.02374048436987 1.25644908649476 1.03495799918975 0.848308547470972 0.777855123054133 0.948446821531211 1.26906885002623 0.944123127230996 0.9935418730081 0.93689235254106 1.00055286160467 0 0.810355436712322 1.05270820226256 1.01541227732436 1.02170526571607 1.08513064273488 1.17789873893179 0.936187173777299 0.870606546401654 1.10152803260206 0.935327945639715 0.873546215820473 1.0457485373017 0.99269973850475 0.991661932717627 0.876605890959285 0.884116719282215 0.991573646157137 0.985529239146143 0.939026870858705 0.995714659659923
"NSdA_Ongaro_Tauben" 0.844582259219565 1.3394394859067 1.01432817761086 1.03828280920245 0.743002661106303 0.780754672112203 0.972528387533121 0.788099796694213 1.02644571711283 0.879822556171919 1.02328708156265 1.03192557216934 1.04705421407847 0.929070391139543 0.895688552833067 1.11836124272459 0.838606157191052 1.03693559262952 0.793114587647375 0.902359931034412 0.983491348927949 0.766258662956273 1.02182569385743 0.935565958776603 0.806191943089175 0.977747097870615 1.21359636997698 0.887728586050503 0.81923062222393 0.725233839126617 0.872330187120904 1.22713314447033 0.901553556446723 0.969874381752285 0.941179780340832 0.940364211775047 0.810355436712322 0 0.967351537069584 1.03699221203103 0.977885189263378 0.939000642540453 1.1069959664601 0.852171985242776 0.762140673367115 0.99177141716928 0.941947777299315 0.819531004986287 0.956992275950576 0.93320678975467 0.900695332595883 0.780108958943916 0.802767781807909 0.924617964169788 0.951704994756333 0.835238454292695 0.88923710484314
"NSdA_Ouida" 1.05167015490658 1.26407614767462 1.03870633159496 1.10681832261145 0.887952683935251 0.870523344426513 1.14083641690597 0.996326674648471 1.10457547812802 1.02162182503191 1.10839763818432 1.11061438911808 1.07724677427354 1.06011528168367 1.05251240915055 1.25209564226561 0.962078674029795 1.16688463688194 1.02179573821428 1.02270007671823 1.12234338997036 0.899975474980591 1.00305733136305 0.904119235653325 0.825526125314331 1.04550324655727 1.29132495466836 1.0621946311348 0.960557610537157 0.926864227566579 0.966918430360783 1.24536062572465 0.994979326514098 1.10841028124785 0.969001083552345 1.06569670431229 1.05270820226256 0.967351537069584 0 1.20876430332773 0.98048303827226 1.06529849399083 1.12457976533598 0.965112023937545 0.91631021884207 1.07150261119055 1.13148465222946 0.937406550355469 1.0487811696081 1.0406686902963 0.997581551968974 0.999836892946103 0.99114354674267 1.04143557687634 0.98902491846116 1.00182301356338 1.0167050369025
