"NDNS_Anzengruber" "NDNS_Artaria" "NDNS_Bernstein" "NDNS_Boehlau" "NDNS_Boehm" "NDNS_Boy-Ed" "NDNS_Buelow_Herr" "NDNS_Buelow_Verzaubert" "NDNS_Burow" "NDNS_Dingelstedt" "NDNS_Dueringsfeld" "NDNS_Ebner-Eschenbach_Freiherren" "NDNS_Ebner-Eschenbach_Krambambuli" "NDNS_Floerke" "NDNS_Fontane" "NDNS_Franzos" "NDNS_Frapan" "NDNS_Frenzel" "NDNS_Friedmann" "NDNS_Ganghofer" "NDNS_Gaudy" "NDNS_Godin" "NDNS_Gutzkow" "NDNS_Heiberg" "NDNS_Hermann-Pantenius" "NDNS_Heyse" "NDNS_Hirsch" "NDNS_Hoffmann" "NDNS_Hopfen" "NDNS_Jensen" "NDNS_Kirchbach" "NDNS_Kirschner" "NDNS_Kleist" "NDNS_Kulke" "NDNS_Laistner" "NDNS_Lentner" "NDNS_Lindau_Welt" "NDNS_Lindau_Wette" "NDNS_Ludwig" "NDNS_Marbach" "NDNS_Meyer" "NDNS_Mosen" "NDNS_Mosenthal" "NDNS_Mueller" "NDNS_Postl" "NDNS_Putlitz" "NDNS_Puttkammer" "NDNS_Reuter" "NDNS_Rosegger" "NDNS_Rosenthal-Bonin" "NDNS_Saar" "NDNS_Scherr" "NDNS_Schiller" "NDNS_Schoene" "NDNS_Schweichel" "NDNS_Silberstein" "NDNS_Smidt_Feuerschiff" "NDNS_Smidt_Passagiere" "NDNS_Spielhagen" "NDNS_Starklof" "NDNS_Stern" "NDNS_Storm" "NDNS_Trautmann" "NDNS_Vacano" "NDNS_Voss" "NDNS_Weber" "NDNS_Weitbrecht" "NDNS_Widmann" "NDNS_Wildenbruch" "NDNS_Zitelmann"
"NDNS_Anzengruber" 0 1.13865712730837 1.08352267627565 1.16721824522854 1.26619655073766 1.24087290974164 1.16185164829243 1.21095336937373 1.26403164371644 1.20803539792888 1.23450956867214 1.19032461463863 1.39929906833379 1.064888529779 1.0736313037666 1.26608175819372 1.1829355008379 1.16229944137596 1.06620603078829 1.08550364468019 1.07263684955771 1.31838304449357 1.31275114882028 1.29871702710043 1.11387968498261 1.16123140272237 1.19543282331472 1.31893565039924 1.16730401913544 1.15767942086224 1.12065538824478 1.17299396510286 1.5069186303314 1.12165311480171 1.01582469776945 1.20503361988485 1.2904478547449 1.19994154785832 0.953726357196869 1.28746511559395 1.29441044457675 1.31921864009927 1.12624772512433 1.17030659540397 1.10105987921532 1.23958691560443 1.21188362007984 1.61150804092898 1.12132997444264 1.49683140835729 1.31826056857828 0.984948704868566 1.27008196667816 1.11615635860355 1.1142672850371 1.08967983794021 1.27595992056447 1.44717369936205 1.11929342416343 1.08371096876592 1.33138982600039 1.14077116215729 1.08864770892626 1.23800580118666 1.27084602719961 1.13712808882925 1.45103490211186 1.26350279884336 1.33926346978586 1.24205541493326
"NDNS_Artaria" 1.13865712730837 0 0.965482147684745 0.985151356129101 0.849294721552962 0.898056394093802 0.961121652509665 0.817114897605415 0.912890735402623 0.835658587464871 0.965523681012541 0.865275770640834 1.15487791980572 0.70204638885797 0.936560748744431 0.957651923177883 0.9668615658763 0.808163064694513 0.806931433194523 1.08191171526767 0.883118734860062 0.892520594072784 1.02041911889159 0.86567800488946 0.859910668240262 0.897538423292651 0.892991872317653 1.03484623269699 0.865265521099427 0.997229405074969 0.866076916227076 0.896750353941532 1.28345673882476 0.99467705885151 0.785378484071 0.940963480148564 1.00277997739396 0.996193068726612 0.970008999078943 1.04825208287559 1.02918508624018 1.0599976618726 0.951981665579591 0.914622480286567 0.879262713943503 0.927268198688046 0.872597366330498 1.665523502988 0.987590993579026 1.13810319574559 0.951698352731045 0.747466125825392 0.974985894397227 0.907750192154174 0.788381709304421 0.922481497125332 1.08863938136789 1.26243578687608 0.737387687735535 0.833562835123288 1.08583860196523 0.944441460687408 1.15022810928649 0.752447589694032 1.01388366428901 0.801427362041785 1.54639080225944 0.868440120532331 0.996434593879893 0.819681411129078
"NDNS_Bernstein" 1.08352267627565 0.965482147684745 0 0.993245768299858 0.874350189187873 0.929252578903133 1.11539379180593 1.00473702272972 1.00456269922235 0.836553017335161 1.08981526728593 0.887239854757641 1.16388549380583 0.870065621059288 0.942741730512623 1.03732340335715 1.00568390161831 0.85308619507899 0.913372451686712 0.990117427923271 0.909382646210266 1.01193677445849 0.983745955745996 0.991257645232215 0.916068146767268 0.918706333086717 1.03606872193231 1.00189920148887 1.03067782886354 1.00079142917731 0.935775342035449 0.882873332959833 1.18972668052 1.02474274150697 0.880930054494575 0.897185691990491 0.969404751759704 1.03079943749624 1.05039771113047 0.981692420169711 0.932318882412656 1.07356598976813 0.898279347364902 0.833335724243586 0.92904325948428 0.99905130733613 0.896338332025311 1.51752746971215 0.873471066950813 1.06781631227735 1.04993175995776 0.781364879935007 0.984755213699463 1.03596088887364 0.868112992542496 0.898444984325227 1.04868859434114 1.1632142750645 0.922264269220833 0.957009029433255 1.10540125217439 0.916642414485638 1.10450789688821 0.885005769168152 1.02515019645189 0.863213062939521 1.33611420007798 0.912712830415661 1.06520412241493 0.885976701005972
"NDNS_Boehlau" 1.16721824522854 0.985151356129101 0.993245768299858 0 1.04078081038508 1.00141690299321 0.934369664979388 0.991187499316807 1.06080272446829 1.0075642399472 1.19708096908454 0.958985477631442 1.20838410929505 0.893148792416441 0.929071933165765 1.12083599187809 0.89127295010296 1.04189428802489 0.887810390841136 1.04130274667304 1.00532611431955 1.06277447573613 1.2047225328712 1.0501976564631 0.895402997396864 1.05008394403445 0.973079269111916 1.16352098844188 1.05554611777188 1.12135479502071 0.992332805921399 0.964812557464278 1.31250507556742 1.20009100941831 0.882813578322065 1.0904538851513 1.0965923737352 1.15396048134368 1.11283728795087 1.20195384284341 1.05385443165855 1.09736333047412 0.985274236563726 1.10853263538512 1.02095411795792 1.15005611040291 1.02792260170123 1.67338936527204 0.977219678242292 1.2340705818603 1.0080896060399 0.934615003787356 1.15575413058543 1.04973649069934 0.902631155420898 0.935652936014277 1.00501307766175 1.40830787194859 1.05617306337308 0.993179483468176 1.13314759297087 0.961016177702638 1.13446961868215 0.979264043945493 0.996822765900053 0.920341996831723 1.55289802825945 1.06082165447904 0.977913898539092 0.96521827953363
"NDNS_Boehm" 1.26619655073766 0.849294721552962 0.874350189187873 1.04078081038508 0 0.967700020661729 1.06568615286212 0.98219227774299 0.871609515351616 0.780563196580734 1.06301511372522 0.803363952083987 1.07514685918793 0.810255865402432 1.02915863058659 1.04940463994342 0.951865895171707 0.681747089685461 0.85185174987615 1.12318228111214 0.855746344157641 0.929771708621414 0.855914595179901 0.894638612261622 0.928896625995774 0.873007261602004 1.03274808694691 0.894724035629995 0.943835260844768 1.04309463356683 0.901855049846761 0.792722102046491 1.08087512938662 1.12368321632316 0.882524545806534 0.827939642672573 0.831784903247424 0.986296276308417 1.11773370919284 0.807807766834059 0.84268923794307 1.09278966058453 1.03208102820923 0.918605388967719 0.889644190004765 0.816468473674891 0.848808485341649 1.50488202713585 0.94910436452843 0.995407277350898 0.918965942968721 0.826083886470108 0.892643315161985 1.03450052452464 0.768614559139285 0.976004522774219 1.04264377069063 1.15086629113939 0.842299335972478 0.849120939404804 1.09134983646361 0.912655370455507 1.21032403206015 0.789938584735494 0.996654831024089 0.829433014219587 1.38247087674251 0.712691187190556 0.995401177340523 0.796406731810267
"NDNS_Boy-Ed" 1.24087290974164 0.898056394093802 0.929252578903133 1.00141690299321 0.967700020661729 0 1.07545271633874 0.956709189803061 0.956885085301557 0.907239960834696 1.04164182947281 0.90265370008175 1.21953844842811 0.819404226027593 0.998896615751625 1.02888541270869 0.924455954492899 0.869817467693223 0.887136518762837 1.06177358596125 0.954332458358184 0.954473430222105 1.0683757091497 0.946893676168854 0.891063340154555 0.968621691471111 0.953761483849264 1.11219115988563 0.984257276877738 1.04576130593124 0.960223222734979 0.863276648407587 1.29585189415037 1.15061739119252 0.910886609398542 0.996116840977007 1.04973749182621 0.991391444764522 1.11664423240044 1.07123792644284 0.92131900972189 1.08055236438458 0.949931604929404 0.940318891203993 1.05168261297112 1.00301714221356 0.910253712862129 1.61666256179663 1.00419236278226 1.19899196362049 1.04719984307967 0.854867267189023 1.06702187802792 1.04202846255245 0.861527392840836 1.02782643559164 1.14012164711289 1.24442621915458 0.941915168461176 0.947681711859279 1.09231551058204 0.972811538924031 1.20464605266822 0.880084785981836 1.04661481392717 0.845766318696899 1.49504061353564 0.94240304502494 1.06617369901386 0.843044245520599
"NDNS_Buelow_Herr" 1.16185164829243 0.961121652509665 1.11539379180593 0.934369664979388 1.06568615286212 1.07545271633874 0 0.956388475467699 1.10165895669013 1.02956267131714 1.07275217923161 0.99371014252726 1.23309784866041 0.876376762339877 0.954351011015538 1.15954157423887 0.900707121149809 0.981051158495296 0.898883618135317 1.0959010705338 1.00484311682758 1.06199148285827 1.20681129280746 1.00115840173172 0.937222383761635 1.00663978868646 0.996852060207474 1.16556962788459 1.05277666493842 1.09267921865344 1.0377913545714 1.0177267151681 1.33008072947024 1.16160298563476 0.851243867300668 1.08778832057224 1.10591245789998 1.16750224320216 1.08081067579672 1.19297283957219 1.1074476527305 1.16416465336488 1.0649714373746 1.13649946642892 1.01559137134307 1.09918513914135 1.05091542137465 1.66468193741088 1.1036030136721 1.33868629604446 1.07203732958461 0.976145739781759 1.16677868071545 1.10263689894333 0.911431535351314 1.01634731566802 1.17050302050971 1.44362728342538 1.05150490716596 0.931854869150893 1.09716676318495 1.02435334654341 1.2024837756706 0.998808776220282 1.03314232197281 0.870648696428521 1.54543575434176 1.0772844912257 0.984822251094441 0.97540339750149
"NDNS_Buelow_Verzaubert" 1.21095336937373 0.817114897605415 1.00473702272972 0.991187499316807 0.98219227774299 0.956709189803061 0.956388475467699 0 0.993611705814643 0.945930173887232 0.983329640219135 0.945596307210623 1.26670051060685 0.824639236215215 0.970083791495619 1.05565276972656 1.00391526635839 0.949031919908931 0.91431133932159 1.07647472560309 0.950632729828917 0.93645587723094 1.09275255549495 0.94097669746311 0.920276705001777 0.981842694179391 0.927821878309263 1.15142529122653 1.00835754615135 1.03608517386706 0.933252820930939 0.942056598968477 1.39326483762927 1.10641074016673 0.889421793590616 1.02250662551031 1.06698626787224 1.00702545174421 1.12838830411466 1.17146760763869 1.07062938916296 1.1019648210218 0.979472553913103 1.0726825339333 0.941584783082431 0.958811152730845 0.929452082663117 1.7290711292301 1.07997505855895 1.23647444246594 1.00282507677527 0.900128582095119 1.14721099718672 0.931048704715969 0.900241576776074 1.04323342106398 1.15928034289523 1.29673027434921 0.915748590542992 0.909161208779841 1.10591953613604 0.983938524006631 1.24261283472554 0.845619287619016 1.06329407454674 0.890238143749427 1.63287358496031 0.942932725110265 1.00242209982783 0.881769081908203
"NDNS_Burow" 1.26403164371644 0.912890735402623 1.00456269922235 1.06080272446829 0.871609515351616 0.956885085301557 1.10165895669013 0.993611705814643 0 0.879068551204255 1.09585831455153 0.904341981813303 1.18107717521279 0.805102388925929 1.02364034423269 1.0449097251876 1.01228067795924 0.85644553562126 0.917009511712 1.16963257333934 0.895158780554013 0.946965603743517 0.938833105471698 0.954450721630684 0.969174035210482 0.878869993845802 0.98170842120794 1.01437302204637 0.98554277582506 1.08443148654338 0.95022458115209 0.827781401995429 1.21458233249737 1.09545064702276 0.945549611153561 0.881913859447563 0.924768703781658 1.01030854380199 1.1415504722946 0.990799585351658 0.983016728556959 1.10617694550298 0.977965343877661 0.969397697935376 1.02967726223824 0.921913227432351 0.800530705118803 1.5540218014864 0.967526149371552 1.10340857395218 1.01622395222081 0.840942161449084 0.998478230628542 1.0186078806134 0.833240858401581 0.973290998481869 1.10607944839849 1.21085948780496 0.896250854825452 0.960857251347945 1.13192148348333 0.925861604337905 1.2431486593189 0.847001955605993 1.0499561525085 0.910059127198755 1.44008346955063 0.795023703111645 1.10119137319879 0.843809475812192
"NDNS_Dingelstedt" 1.20803539792888 0.835658587464871 0.836553017335161 1.0075642399472 0.780563196580734 0.907239960834696 1.02956267131714 0.945930173887232 0.879068551204255 0 0.992503273625559 0.78153477666516 1.12686376841679 0.774510342077031 0.946968612886722 0.984065483587861 0.9510690976614 0.724040831332831 0.799309566251218 1.05636203485699 0.822049723668495 0.887068001020666 0.909746910513381 0.905283824664449 0.877818812550111 0.903303606896171 0.955709643179075 0.975998158457842 0.909430805566707 0.957473591019505 0.904113625807267 0.783143697681615 1.18354129765334 1.08550303813109 0.878406788845983 0.826320190994984 0.909749236690911 1.00404112964344 1.12447391761281 0.875591397036092 0.846659884853357 1.05373903027239 0.94621360679395 0.831861515280707 0.903393233620845 0.927452988095515 0.808639994790182 1.56288098265229 0.94260198617902 1.04134198217203 0.912151590214274 0.779356118949351 0.940126289845922 1.00384634893355 0.784765046965098 0.889763469290292 1.02357300694836 1.17600345538793 0.878995863594303 0.798477956488587 1.07085699842447 0.917548553302079 1.17116019405801 0.739685150099511 0.994413403171975 0.770307925162806 1.40809488145808 0.824971740478477 1.01655504721478 0.787237542087298
"NDNS_Dueringsfeld" 1.23450956867214 0.965523681012541 1.08981526728593 1.19708096908454 1.06301511372522 1.04164182947281 1.07275217923161 0.983329640219135 1.09585831455153 0.992503273625559 0 0.947805227940967 1.35403567721091 0.92032448421249 1.04791674491113 1.10357122415708 1.17779181419835 0.952088982371009 1.00898280787156 1.16890909767334 1.02194323253622 1.07015236773949 1.09217262806284 1.0706572666714 0.918141469886664 1.10496823456967 0.993879511914632 1.17785044842856 1.05200139572696 1.10034182233623 0.981315451503558 1.06124992258458 1.41264935481897 1.00206614356471 0.999054054546986 1.07040988785852 1.17027874501773 0.971200540245026 1.04814190765267 1.13520142814118 1.13963657444093 1.18274811208346 1.08793994196954 1.0484317721183 0.994099905331671 0.987269069843981 0.968058914524675 1.69463239198581 1.16449847861678 1.33492712952868 1.11997336383135 0.916904520024599 1.11244270193172 1.04220386124341 0.919040117885858 1.14493210681223 1.26633070687109 1.39743180428824 0.941537486773849 0.981514216683918 1.26565137120425 1.13032188781292 1.26875477755806 0.920327311600113 1.20069458304669 0.976124276506686 1.59172913649733 1.01732700921587 1.18214922283613 0.941734796947982
"NDNS_Ebner-Eschenbach_Freiherren" 1.19032461463863 0.865275770640834 0.887239854757641 0.958985477631442 0.803363952083987 0.90265370008175 0.99371014252726 0.945596307210623 0.904341981813303 0.78153477666516 0.947805227940967 0 1.04015023263306 0.848421952250123 0.978415903072575 0.966406724442963 0.988576457623411 0.796377824829259 0.814227441798039 1.03918587676659 0.87493057777769 0.933858162921351 0.937584781607662 0.909153551677639 0.828364257862969 0.954605472541678 0.960174885376611 1.02558538446287 0.925660246315179 1.0221652959348 0.836850743561037 0.815513093864949 1.22802647244533 1.01596209245954 0.829134813002072 0.855579183886966 0.94627603422156 0.945120111846601 1.07779741323809 0.951277745711495 0.903259618848151 1.03121875187519 0.934386408133018 0.852226815346254 0.920236350396066 0.94537177533722 0.807470021751816 1.58251602269586 0.953382392336116 1.05910456897414 0.976825329137482 0.826706619997784 0.95027703237587 0.989588513173752 0.779974998011218 0.927713493002911 1.06144698062921 1.1937272842109 0.862747474132273 0.809356810490104 1.06953896310026 0.936943103313222 1.10732374645288 0.792148127723492 1.01184241509585 0.812674232790868 1.43842520307251 0.860568355776877 0.992956685254694 0.799959710725858
"NDNS_Ebner-Eschenbach_Krambambuli" 1.39929906833379 1.15487791980572 1.16388549380583 1.20838410929505 1.07514685918793 1.21953844842811 1.23309784866041 1.26670051060685 1.18107717521279 1.12686376841679 1.35403567721091 1.04015023263306 0 1.0919615070525 1.20311731466144 1.32590218784817 1.18537102180836 1.06380719961231 1.0663393780467 1.2824426740805 1.05909001020815 1.25945491324703 1.17868520167815 1.17388072510309 1.12767160564222 1.17449753698352 1.24744347434715 1.22000025304299 1.20324581294403 1.26498701525164 1.20618848971925 1.08259285406528 1.3403126323693 1.22787379793391 1.07064596524961 1.05566546827535 1.09883564085476 1.26437826494405 1.29177495727599 1.1477360780651 1.08600316199841 1.2766714616482 1.18393987366276 1.0979066576441 1.14164284318491 1.20905397270573 1.13614892718835 1.64737378075388 1.14486761560287 1.32343739981483 1.22934677813231 1.10948971370334 1.16732658937666 1.31284388149914 1.09648807839874 1.14074518882077 1.19539806326014 1.35977689633997 1.13580785248373 1.12389800030988 1.26693665814621 1.15246126259801 1.35551806763794 1.18206083451864 1.18358588318951 1.13610524018816 1.48903544766436 1.10166337427246 1.28853599917852 1.16962570317983
"NDNS_Floerke" 1.064888529779 0.70204638885797 0.870065621059288 0.893148792416441 0.810255865402432 0.819404226027593 0.876376762339877 0.824639236215215 0.805102388925929 0.774510342077031 0.92032448421249 0.848421952250123 1.0919615070525 0 0.797179263862759 0.934058187698683 0.84582204345035 0.727338615417585 0.76055983874907 0.986021558892276 0.78053931763176 0.865383347634801 0.904039300484398 0.834512219833649 0.790209011445108 0.788332799539407 0.804173354411981 0.935047354309525 0.800295793248824 0.897224348956679 0.838356434389841 0.772628808596308 1.1977937410591 0.95316211452624 0.708600093764666 0.832894058168386 0.903001175219536 0.939903495673657 0.913461023483705 0.92453282358968 0.915288966363848 0.927178854365826 0.855543789390409 0.807078005289991 0.858102050295682 0.837539808305167 0.806374666685748 1.53444766419371 0.944490462998591 1.04477027121659 0.910020646035833 0.631370214266084 0.952290248774119 0.890354635256319 0.67537877614968 0.815241393611847 0.986977718186367 1.23472368078145 0.73493119553764 0.731582456951675 1.02998918234975 0.792155208421555 1.05492174726373 0.694047955760587 0.914543301681774 0.72655760561495 1.43644318586138 0.75136924464634 0.929496142669969 0.716923819827911
"NDNS_Fontane" 1.0736313037666 0.936560748744431 0.942741730512623 0.929071933165765 1.02915863058659 0.998896615751625 0.954351011015538 0.970083791495619 1.02364034423269 0.946968612886722 1.04791674491113 0.978415903072575 1.20311731466144 0.797179263862759 0 1.05763068290237 0.915998475652326 0.955772464596936 0.852424359471853 1.02759993405254 0.886378290243896 1.0360787550384 1.11334176341758 0.969206175071674 0.833570573704573 0.937747460938279 0.908110874567454 1.09097798877657 1.02470956077383 1.02637131648381 0.954639658173554 0.97822694559523 1.28993443898824 1.06419903631371 0.850607321810643 0.964945147932458 1.06599594180415 1.10955616271325 0.946809714341232 1.11687365527053 1.05190731965903 1.09272267985714 0.875928655694602 0.968166033334326 0.955305370277081 1.07494212850722 0.985649724512886 1.52607709882047 0.961139745305938 1.2281332734553 1.05094254363231 0.83647203765269 1.04824236089925 0.972468781519953 0.880514702024191 0.944569086029497 1.0547909849697 1.26299747732578 0.9714108214749 0.910396677437509 1.09666994633826 0.899408030548016 1.05560833917204 0.931811857348866 1.05230815779954 0.851856376904485 1.37695234962842 0.991281146612341 1.04328714719738 0.930238775979165
"NDNS_Franzos" 1.26608175819372 0.957651923177883 1.03732340335715 1.12083599187809 1.04940463994342 1.02888541270869 1.15954157423887 1.05565276972656 1.0449097251876 0.984065483587861 1.10357122415708 0.966406724442963 1.32590218784817 0.934058187698683 1.05763068290237 0 1.14770900930908 0.991175403090944 0.991112586402391 1.21286555716873 1.04565475379733 1.06592187943038 1.13034109750928 1.10117350851253 0.952376875937739 1.08711587434047 1.03744611379788 1.10551510305598 1.01206752863898 1.10056424256562 0.978255730688582 1.03872037794369 1.44173148714218 1.074109984889 1.00259312430978 1.02060588718769 1.15614558819703 1.04725485319299 1.13070629383584 1.12810089479739 1.11665797349021 1.15611853394913 1.026618491812 1.02194234191088 1.07443317956544 1.08980970641226 0.999816917281782 1.67861377726375 1.04281195052234 1.20915824703955 1.16336816934465 0.891494213141718 1.11068289625585 1.04295671344813 0.987686492225248 1.04168695986873 1.19336410800869 1.33428383500366 0.968515711181512 0.995333890455147 1.22333458154187 1.095454367573 1.17014895617078 0.920526615835376 1.14668984032414 0.948621629755007 1.52603814237454 0.999145487505174 1.18696380571884 0.971014281477099
"NDNS_Frapan" 1.1829355008379 0.9668615658763 1.00568390161831 0.89127295010296 0.951865895171707 0.924455954492899 0.900707121149809 1.00391526635839 1.01228067795924 0.9510690976614 1.17779181419835 0.988576457623411 1.18537102180836 0.84582204345035 0.915998475652326 1.14770900930908 0 0.954114473788936 0.824004891359224 1.01807610735044 0.835304982482773 1.06290691285826 1.09893664787845 0.918253700640828 0.917248019736565 0.99867730895359 1.04014059389517 1.12983335775175 1.01993042115542 1.06659225704121 0.978256468407206 0.888180279973679 1.1595061065141 1.2439956994255 0.838759969718626 0.990050124703195 1.03058773579008 1.17082005789325 1.08196297423871 1.13198474562177 0.974158251594993 1.05728212713895 0.93003059354553 1.02996805161991 0.990798923364273 1.06530869461916 1.03271904283106 1.42889099720486 0.957697047407503 1.16338996631276 1.0020599448364 0.940211643749462 1.10799179204868 1.15379206124843 0.930550094431768 0.969448430030969 1.09637983845599 1.28799611634005 1.02972217679678 0.875073260575751 1.04106506906563 0.906297035011564 1.11820489278135 0.973198457402027 0.997880819679763 0.852319071453472 1.33625657387816 0.997683737357624 0.978534978580913 0.96995771802058
"NDNS_Frenzel" 1.16229944137596 0.808163064694513 0.85308619507899 1.04189428802489 0.681747089685461 0.869817467693223 0.981051158495296 0.949031919908931 0.85644553562126 0.724040831332831 0.952088982371009 0.796377824829259 1.06380719961231 0.727338615417585 0.955772464596936 0.991175403090944 0.954114473788936 0 0.816959258088875 1.09670578934051 0.800967280937499 0.897791040041502 0.815058252865437 0.869646049176635 0.832673925011007 0.812166521426392 0.935872077397282 0.921711609995454 0.894692968502929 0.966871297175167 0.852875932192454 0.806910170648067 1.07689195048217 1.03731919606839 0.827109046289053 0.785194846315925 0.836619960995419 0.95353212233185 1.00494246492031 0.805081848545641 0.859330861603518 1.01547888249405 0.949414992836831 0.802436386939856 0.839743618257663 0.801124231929118 0.828816967317951 1.54753617704777 0.888811760856904 1.01252178708874 0.983646812670543 0.729016547522123 0.913253527069859 0.975389777548294 0.676111483980123 0.884341544727629 1.03257594222165 1.14590596368123 0.773095416203623 0.765451763997578 1.04550531012274 0.870285082982347 1.18296854178131 0.734302374508353 1.00072131494505 0.778039513459983 1.41695193712138 0.699576394041041 0.989836409289455 0.725802087174764
"NDNS_Friedmann" 1.06620603078829 0.806931433194523 0.913372451686712 0.887810390841136 0.85185174987615 0.887136518762837 0.898883618135317 0.91431133932159 0.917009511712 0.799309566251218 1.00898280787156 0.814227441798039 1.0663393780467 0.76055983874907 0.852424359471853 0.991112586402391 0.824004891359224 0.816959258088875 0 1.02333528140077 0.770351563843029 1.00424899059142 0.920860730601513 0.912153039917152 0.804991380720557 0.9346186307784 0.936272484600398 0.980954491797561 0.850570749350064 0.974030571022047 0.837683031929607 0.813376709574172 1.2019835060833 1.01828665042819 0.734446160192049 0.826421756274962 0.967552675493911 1.00755443033356 0.977587396657833 0.978748185409004 0.889015985839307 0.965797076503207 0.874645107125956 0.879889416666865 0.849880867148453 0.925853290694682 0.853758154651576 1.48224968635625 0.865409428957454 1.09606145998806 0.945164673186381 0.766179562704952 0.945572105265986 0.974041468575497 0.742991724890081 0.847031443786683 1.05508577148125 1.25583661860566 0.871395738996315 0.757859755687981 1.05440644906804 0.875054471448763 1.05503538389649 0.839824997121934 0.950442302476973 0.823501469649874 1.36187969859395 0.854253072199868 0.982271069489326 0.825403150317252
"NDNS_Ganghofer" 1.08550364468019 1.08191171526767 0.990117427923271 1.04130274667304 1.12318228111214 1.06177358596125 1.0959010705338 1.07647472560309 1.16963257333934 1.05636203485699 1.16890909767334 1.03918587676659 1.2824426740805 0.986021558892276 1.02759993405254 1.21286555716873 1.01807610735044 1.09670578934051 1.02333528140077 0 1.03509003919597 1.15822511229209 1.23744294463719 1.10701218604002 1.02476227360034 1.10379715802299 1.07140118159014 1.23511485757421 1.14099749773629 1.16872587906215 1.10101568294128 1.03547687125263 1.36374575079048 1.11995917768271 0.891376338415055 1.12126597604109 1.24392296398633 1.15509259933415 1.0491836306279 1.24707784864312 1.09490579563217 1.1839194970942 1.00533704554563 1.08896863665465 1.09415458739225 1.21275760235597 1.08911505920251 1.5981152243958 1.07037886813802 1.30105945226891 1.12439350219061 0.942525840802865 1.21511603823996 1.1498796888811 0.974887287266894 1.05192650546494 1.16366212839132 1.39895252459483 1.11388214296579 1.04981783638568 1.22040054723238 1.02051061443908 1.10725721773158 1.06365322768581 1.21668852180311 0.976253402773571 1.42085285208931 1.13910701774904 1.12620560675005 1.03825369113221
"NDNS_Gaudy" 1.07263684955771 0.883118734860062 0.909382646210266 1.00532611431955 0.855746344157641 0.954332458358184 1.00484311682758 0.950632729828917 0.895158780554013 0.822049723668495 1.02194323253622 0.87493057777769 1.05909001020815 0.78053931763176 0.886378290243896 1.04565475379733 0.835304982482773 0.800967280937499 0.770351563843029 1.03509003919597 0 1.04573037035093 0.925038489853846 0.900162163994302 0.837160179960149 0.870609962960306 0.95899722766637 0.958099614726828 0.884571851984518 0.963868379912881 0.895861565370488 0.8512291271483 1.12327204075692 1.00196917270043 0.801890478814784 0.818769464758451 0.930941298581338 1.02336811440667 0.994696678806288 0.92869668699741 0.879529892008158 0.959396870880721 0.894661067956874 0.759455169319758 0.823247329549155 0.919006673840559 0.850753323753982 1.40351002834918 0.908683558639083 1.09406796088592 0.980068448180932 0.756003262910996 0.926725122738687 0.933188921945502 0.806586930677091 0.895361551888425 1.01991999404808 1.16748041480552 0.861931657565307 0.719007364884878 1.0460776762444 0.781528028237304 0.997968022574109 0.886303651546222 0.982360669941569 0.824602766872238 1.25726443969445 0.838460300111875 1.07463533702361 0.923305039995912
"NDNS_Godin" 1.31838304449357 0.892520594072784 1.01193677445849 1.06277447573613 0.929771708621414 0.954473430222105 1.06199148285827 0.93645587723094 0.946965603743517 0.887068001020666 1.07015236773949 0.933858162921351 1.25945491324703 0.865383347634801 1.0360787550384 1.06592187943038 1.06290691285826 0.897791040041502 1.00424899059142 1.15822511229209 1.04573037035093 0 1.03183623741889 0.944504599438925 0.970744957679306 0.970827605577634 0.963974150161417 1.10129551479017 1.00812469823213 1.10195543604632 1.04770315686467 0.93912913576819 1.29744107231347 1.15893682103697 0.993532584122763 1.06488533978581 1.05108054734699 1.0708789840281 1.20331235244617 1.06879506217985 1.01046483344848 1.17141958231625 1.11338324836274 1.0751528860944 1.00960421292163 0.994330545933944 0.907670642335318 1.69721326069924 1.05841295021263 1.18854060628989 1.00598055139279 0.874178204114258 1.10407955323374 1.02485212718428 0.870053869066251 1.04372000132492 1.14753468019841 1.3394011021658 0.975533584850108 0.978746244022982 1.07969179352776 1.01866163580206 1.28881458430046 0.822756406147231 1.08239624851926 0.890493270585065 1.60209677900568 0.887215189768673 1.01827385646492 0.814558609378237
"NDNS_Gutzkow" 1.31275114882028 1.02041911889159 0.983745955745996 1.2047225328712 0.855914595179901 1.0683757091497 1.20681129280746 1.09275255549495 0.938833105471698 0.909746910513381 1.09217262806284 0.937584781607662 1.17868520167815 0.904039300484398 1.11334176341758 1.13034109750928 1.09893664787845 0.815058252865437 0.920860730601513 1.23744294463719 0.925038489853846 1.03183623741889 0 1.04208313332387 1.04174828337566 0.988086706861408 1.12238074016795 1.06122521944999 1.00581887791543 1.14725015391205 0.992238214303616 0.933432668694169 1.1942594112945 1.08671963403258 1.01211065636004 0.882998781338141 1.00380768474124 1.1115879281522 1.15989533118826 0.881473767015008 0.987275562221642 1.16782262472384 1.09716006121227 0.902156404507748 0.991637074374225 0.866126424384048 0.892927951645595 1.51743372622747 1.05908204342063 1.11119018018386 1.0837182668419 0.873455420496915 1.01900010787228 1.09907091608907 0.865115477908792 1.0269155595374 1.21462070744786 1.26541070950423 0.880879705614645 0.960601802495418 1.22412282843066 1.06347902821148 1.31769028015858 0.936442468884664 1.10550601934281 1.02704168882314 1.36774904624019 0.792034824845859 1.1870489301277 0.946665124258608
"NDNS_Heiberg" 1.29871702710043 0.86567800488946 0.991257645232215 1.0501976564631 0.894638612261622 0.946893676168854 1.00115840173172 0.94097669746311 0.954450721630684 0.905283824664449 1.0706572666714 0.909153551677639 1.17388072510309 0.834512219833649 0.969206175071674 1.10117350851253 0.918253700640828 0.869646049176635 0.912153039917152 1.10701218604002 0.900162163994302 0.944504599438925 1.04208313332387 0 0.938473428438111 0.940920293297633 0.950188399695029 1.07957485371447 1.02411642091577 1.09007031640506 0.910452838058908 0.922378243068915 1.21297359232471 1.1602585124651 0.915606078211146 0.959368264798587 1.01169266907203 1.07270099305639 1.20004550361929 1.0804611130272 0.962797530481397 1.07717821133472 1.02902020881039 1.01376894897454 0.992474239931498 0.973889561965523 0.935506090503088 1.61026345655636 0.981957251520566 1.12497703723923 0.932919765788925 0.961448916266787 1.05062014653401 1.0774984089862 0.886026875976562 1.01044130452242 1.17281152702221 1.24649994399529 0.93272918558475 0.949888435079482 1.11059020386218 0.92802666050399 1.23274692292711 0.86028050664037 1.08187530223539 0.876222225096189 1.49761495856286 0.829032616769627 0.979506192908678 0.857481847966751
"NDNS_Hermann-Pantenius" 1.11387968498261 0.859910668240262 0.916068146767268 0.895402997396864 0.928896625995774 0.891063340154555 0.937222383761635 0.920276705001777 0.969174035210482 0.877818812550111 0.918141469886664 0.828364257862969 1.12767160564222 0.790209011445108 0.833570573704573 0.952376875937739 0.917248019736565 0.832673925011007 0.804991380720557 1.02476227360034 0.837160179960149 0.970744957679306 1.04174828337566 0.938473428438111 0 0.943063410463162 0.900690354818906 0.996186515440283 0.948093247946446 0.968233713536587 0.837806139871808 0.938935729841913 1.24712694841748 0.996025003380545 0.804486307120707 0.94520046705564 1.00097315143269 0.937060997527034 0.977496986631056 1.0063210892521 0.972417585472154 1.04153188817046 0.888723591368352 0.929227773192965 0.860505210272471 0.97555566504664 0.901297536496652 1.60738171445028 0.940493532547527 1.14191102040784 0.99545805847003 0.772584422212398 1.0345792125267 0.936881244559245 0.778183084010424 0.926659890994957 1.03110479053689 1.26101368535898 0.828017560663234 0.830224727996413 1.09119819618069 0.908805242490104 1.04584158827 0.826472475168171 0.973693831942187 0.763984799260403 1.44435643168429 0.903066489249788 1.01443889137211 0.787220804439912
"NDNS_Heyse" 1.16123140272237 0.897538423292651 0.918706333086717 1.05008394403445 0.873007261602004 0.968621691471111 1.00663978868646 0.981842694179391 0.878869993845802 0.903303606896171 1.10496823456967 0.954605472541678 1.17449753698352 0.788332799539407 0.937747460938279 1.08711587434047 0.99867730895359 0.812166521426392 0.9346186307784 1.10379715802299 0.870609962960306 0.970827605577634 0.988086706861408 0.940920293297633 0.943063410463162 0 0.93795689910546 0.990513923947925 0.929408102373437 1.04092992504655 0.961230601008515 0.925008918784733 1.19813554882466 1.12052733293985 0.849933006281871 0.952626236845131 1.00842653765331 1.04753833002675 1.06889303864325 1.05006605623307 1.0061770870151 1.10374530195172 0.975765494822506 0.931817593900997 0.932074353801394 0.924983433198533 0.887893202706653 1.62159384891069 0.972622261574903 1.15117121669047 1.00692229885138 0.821988835025545 1.09924365191498 0.989109854283141 0.795621478125147 0.947388411328613 1.08883268428729 1.27674440454961 0.894851169452803 0.858275469618302 1.05882559800305 0.867897038216362 1.16102947959177 0.882469829627556 1.00683445610051 0.904055573227623 1.47212878708755 0.846913840108892 1.01958102851664 0.856967600013179
"NDNS_Hirsch" 1.19543282331472 0.892991872317653 1.03606872193231 0.973079269111916 1.03274808694691 0.953761483849264 0.996852060207474 0.927821878309263 0.98170842120794 0.955709643179075 0.993879511914632 0.960174885376611 1.24744347434715 0.804173354411981 0.908110874567454 1.03744611379788 1.04014059389517 0.935872077397282 0.936272484600398 1.07140118159014 0.95899722766637 0.963974150161417 1.12238074016795 0.950188399695029 0.900690354818906 0.93795689910546 0 1.09875881330541 0.947662881029478 1.09334003807435 0.991389313322977 0.99841755680177 1.28996331642991 1.03850943841912 0.881531454742049 0.978309064169302 1.13178741704079 0.980214161083945 0.96109743658861 1.14991275045184 1.10501882586966 1.06618799714797 0.922428641917702 0.986845498821632 1.02270833110846 0.996082147094009 0.915400223279614 1.58718261540036 1.07397675994281 1.2155993687901 1.06700405243869 0.852205720658492 1.13032736367141 0.958669252049209 0.85219475027919 0.963616461599059 1.16056336888967 1.35359769272679 0.902937392683718 0.958055078740148 1.12663413430441 0.971290511496994 1.12662613595106 0.865837663366028 1.05177889401308 0.874093767880333 1.43604251076753 0.998019083623064 1.04851723804892 0.866084614982837
"NDNS_Hoffmann" 1.31893565039924 1.03484623269699 1.00189920148887 1.16352098844188 0.894724035629995 1.11219115988563 1.16556962788459 1.15142529122653 1.01437302204637 0.975998158457842 1.17785044842856 1.02558538446287 1.22000025304299 0.935047354309525 1.09097798877657 1.10551510305598 1.12983335775175 0.921711609995454 0.980954491797561 1.23511485757421 0.958099614726828 1.10129551479017 1.06122521944999 1.07957485371447 0.996186515440283 0.990513923947925 1.09875881330541 0 0.954536839978302 1.14395881820242 0.9944274305875 1.04054832035636 1.2020116367387 1.20056875039037 0.985900048742847 0.943501668436265 0.981834456412602 1.1489438311909 1.18299870535733 0.939564359381634 1.0293246299173 1.17872012723243 1.13017034274413 0.963713880598217 1.00246184150898 1.04182074167068 1.00266984842526 1.5471890169306 1.03932417384097 1.13673205502978 1.10468161717575 0.935703801329842 1.06766386767114 1.18496804234741 0.928264644382755 1.015041096454 1.14658432904025 1.29265123064038 1.00537141662683 0.96122597351232 1.15744471863932 1.00464860739069 1.20291078135996 0.956388252047876 1.12518681082002 0.962204639984515 1.40035343336958 0.896159282957221 1.12891552600187 0.984856388552918
"NDNS_Hopfen" 1.16730401913544 0.865265521099427 1.03067782886354 1.05554611777188 0.943835260844768 0.984257276877738 1.05277666493842 1.00835754615135 0.98554277582506 0.909430805566707 1.05200139572696 0.925660246315179 1.20324581294403 0.800295793248824 1.02470956077383 1.01206752863898 1.01993042115542 0.894692968502929 0.850570749350064 1.14099749773629 0.884571851984518 1.00812469823213 1.00581887791543 1.02411642091577 0.948093247946446 0.929408102373437 0.947662881029478 0.954536839978302 0 1.10551421863275 0.952302695843944 1.01706758196173 1.28376148212947 1.04055751633414 0.836909819126159 0.969756061414269 1.12680940379789 1.06074196630728 1.00510668680069 1.04008233224521 1.07860443503054 1.12004518114578 1.02743032747334 0.909175025138541 0.971811641615356 0.944445472189462 0.916507309816785 1.64735659285608 1.02549029665678 1.20347566076094 1.06270983163333 0.765585080179328 1.09716960259266 1.00585210443078 0.806348567556576 0.940964390160172 1.19869709630619 1.39247100365381 0.883093965179511 0.80756092747154 1.21343142303695 0.954824137429084 1.22369868949213 0.871461661781554 1.05440083382892 0.905226628618709 1.52441136396164 0.898319306038742 1.13278910840061 0.89903006973802
"NDNS_Jensen" 1.15767942086224 0.997229405074969 1.00079142917731 1.12135479502071 1.04309463356683 1.04576130593124 1.09267921865344 1.03608517386706 1.08443148654338 0.957473591019505 1.10034182233623 1.0221652959348 1.26498701525164 0.897224348956679 1.02637131648381 1.10056424256562 1.06659225704121 0.966871297175167 0.974030571022047 1.16872587906215 0.963868379912881 1.10195543604632 1.14725015391205 1.09007031640506 0.968233713536587 1.04092992504655 1.09334003807435 1.14395881820242 1.10551421863275 0 1.04347521618515 0.978335001190793 1.34243082775637 1.13706859683769 0.951677138127519 1.02194173538368 1.0945791978626 1.08470845951852 1.10847655321767 1.13807542717762 1.07228339358455 1.17940439851651 1.08941177006902 0.997021378723053 1.01276237022003 1.08991716033213 1.04912220479629 1.52613541312149 1.08831389587156 1.21299140943117 1.12644867936845 0.918084579249797 1.11114112024596 1.11205889755849 0.992853276413994 1.06031162779139 1.09132652489 1.13923866390656 1.01600299200203 0.978500096227193 1.13579678685048 1.04175261379827 1.16499176517625 1.01565374560569 1.15470349015713 0.975025082542108 1.34525639906932 1.02111682063983 1.16393935286299 1.01706358235213
"NDNS_Kirchbach" 1.12065538824478 0.866076916227076 0.935775342035449 0.992332805921399 0.901855049846761 0.960223222734979 1.0377913545714 0.933252820930939 0.95022458115209 0.904113625807267 0.981315451503558 0.836850743561037 1.20618848971925 0.838356434389841 0.954639658173554 0.978255730688582 0.978256468407206 0.852875932192454 0.837683031929607 1.10101568294128 0.895861565370488 1.04770315686467 0.992238214303616 0.910452838058908 0.837806139871808 0.961230601008515 0.991389313322977 0.9944274305875 0.952302695843944 1.04347521618515 0 0.896982674947241 1.26330968315105 1.01041513176783 0.860802578526078 0.893201336741103 1.03714988887431 0.974890696125823 1.00581333780027 1.00529011098692 0.976670346226828 1.05306583653835 0.986677111455339 0.908745136819924 0.916504146185315 0.922854493221382 0.892187716159101 1.56670330260192 0.930352597096101 1.10759833198169 0.994631691035679 0.827600598682575 0.993332316368003 0.944049028907132 0.85836489882991 0.943447658458113 1.14244856381597 1.24231967598094 0.884803231228564 0.877902958926131 1.16544407255103 0.975311553184741 1.09815743471699 0.811625953847605 1.05311435106837 0.86820793938375 1.41665385118513 0.900409666486113 1.00786064668767 0.8657916082577
